2000
874
1173
1299
31
1677
1160
1956
594
780
1116
1853
1692
1758
1931
265
398
1366
557
952
1367
356
832
46
1484
441
1381
1386
508
1060
1329
528
1987
1539
326
1231
233
1424
1400
116
1934
1880
446
1165
3
484
1491
1081
136
1291
53
198
1479
1676
1302
333
113
1347
157
172
1543
103
1009
633
865
1702
414
1973
1241
1694
1857
1377
1818
1227
442
1641
1938
1430
1082
1067
1544
1504
1102
712
1019
1943
198
285
728
391
518
1576
346
1329
1983
1288
859
1259
105
373
757
21
1389
904
1430
1153
796
521
179
1069
970
1296
1291
1185
135
891
1224
1746
358
986
586
71
1349
1417
1458
837
287
522
1825
160
1141
1164
59
1506
1313
1154
370
592
1063
1266
1334
693
1941
206
915
430
206
863
397
1242
321
44
1735
28
65
1639
39
803
1055
173
1684
302
502
751
98
286
1205
570
511
1764
1513
605
376
1039
1261
742
263
1041
312
1015
1698
762
1403
1277
1423
260
73
1025
1183
452
956
144
606
646
896
684
925
1514
1488
1109
1250
1427
89
1585
1456
1509
634
471
890
1522
521
698
155
330
560
783
440
1229
1858
629
946
467
960
1423
1751
466
517
1815
95
534
977
99
417
216
1024
1760
1928
1998
890
291
1449
610
308
1164
652
1651
1425
966
700
259
1314
526
665
1157
456
1140
1269
1712
1560
1290
1844
96
1293
894
1786
150
1047
1899
252
434
1012
1481
767
1075
455
1204
1371
1776
74
65
1583
896
1503
29
1507
968
1623
914
495
1664
843
265
142
679
1402
219
1271
449
1690
475
427
1126
869
1037
1786
134
672
1583
191
831
685
721
1654
294
1719
44
918
718
832
1504
1242
1776
1312
533
1634
1794
380
1634
846
1403
387
1647
52
180
320
476
1395
1818
1977
81
1563
474
1470
1053
91
1835
49
837
354
1659
1658
444
1203
1011
42
1416
415
937
1981
289
1626
43
1302
1959
1662
1889
1593
341
1300
785
339
62
631
276
693
1400
1262
1663
1007
472
1805
371
437
1066
1459
1520
235
1587
1046
1742
754
1961
1635
1871
1419
1780
1240
981
1640
520
590
1448
1285
881
380
64
527
987
895
1442
1307
1872
649
649
810
416
1762
77
25
1732
1090
699
458
1528
1324
1368
204
1839
1793
214
200
1386
769
924
1129
1926
1026
372
238
1496
1761
1859
952
1521
205
605
830
148
1653
753
1940
333
1183
183
1887
959
957
192
88
1611
1929
1139
1491
110
1046
192
535
19
1357
1972
1447
577
948
1217
642
1075
1825
531
1555
23
1972
270
908
106
1526
603
898
1934
1549
1067
1558
436
180
746
1990
1977
1444
1848
850
596
1102
1145
1236
1097
1599
202
1916
954
13
1515
1784
802
804
328
17
750
1379
1188
1331
1123
305
860
1301
1389
975
437
48
79
1567
1459
1150
6
349
312
153
82
601
347
939
414
1880
1225
1829
1745
182
1031
1435
1843
275
817
1456
1867
200
1923
50
686
1881
133
145
316
1848
1121
1618
1573
1435
867
336
1986
488
912
1054
863
666
1864
1760
1838
1848
45
1863
1339
1799
50
688
1470
1942
171
49
1892
1525
1603
537
1759
936
1428
1376
1915
1428
737
354
176
1556
735
622
168
577
1449
1715
87
341
298
1977
744
1631
116
1886
213
533
766
487
1993
1277
1813
939
1546
1235
1871
1118
577
963
1354
1315
1571
1477
1412
1553
669
1532
637
1823
11
1398
511
822
1215
110
576
264
1976
1119
1255
1050
237
1989
929
455
619
674
790
1104
912
713
1045
1730
1859
585
536
294
1226
1684
1752
381
1874
309
598
446
1381
1207
1335
7
233
1690
1335
436
422
1131
1664
194
678
236
670
8
1068
1564
1665
1020
96
1125
1165
443
555
1578
1070
1300
1691
478
1349
1879
1865
986
280
1653
1471
1471
156
1963
1325
1829
1186
1852
768
344
1261
209
147
1968
826
1120
1627
1364
27
1271
1554
519
1237
851
1346
1738
915
1820
464
1838
228
1007
742
1320
761
1463
522
179
1176
1812
447
1522
1170
1495
1517
1943
1874
1218
1200
268
161
1294
662
147
1113
1677
35
1515
252
73
450
420
1135
415
1441
1143
1005
142
210
1101
1304
32
329
1039
1166
944
1562
113
598
1020
1043
1669
1778
1748
782
244
1265
13
275
1299
2
1709
1677
1749
259
787
219
1156
117
624
1679
1598
932
1468
374
575
461
281
1964
325
494
1880
375
905
460
1539
1019
1873
580
246
453
870
998
1857
336
1724
34
1955
1062
1458
1004
1934
548
915
7
1800
404
249
1468
519
1
1321
1612
530
1487
300
291
1249
1034
1569
1758
909
1887
1078
671
978
419
1972
1565
1006
1700
1813
1675
1634
1189
1032
1903
1531
805
1463
1457
1804
1214
1890
1989
1354
1917
352
504
1211
904
1404
1481
1276
1743
1122
1848
1350
569
778
1811
1897
781
518
1460
967
357
1378
769
1485
777
288
59
1384
634
1596
294
395
803
571
1003
1366
1325
698
1439
111
601
1455
1356
876
445
1279
1578
762
733
1366
329
1365
1222
1957
545
176
718
1938
904
1746
622
1043
5
711
1503
729
766
1999
1200
463
1472
1263
462
1418
31
1054
1220
449
841
1561
1512
267
695
1190
1187
75
1833
1005
1290
365
453
1489
973
946
850
999
351
1134
1933
67
953
548
619
1534
1597
1558
1909
774
1699
844
597
1370
347
1878
1940
1042
1320
430
1970
1368
560
1448
1885
825
1774
772
186
1216
299
1819
1193
222
1686
1195
1035
1185
487
1841
440
1319
526
1593
1264
1011
751
711
611
1191
1416
1056
1869
960
1063
681
1714
964
1816
1286
1083
399
59
1203
741
1236
222
147
114
45
101
143
1719
1883
323
1365
821
319
488
203
1281
1202
489
1427
558
346
1541
1027
1076
1598
1812
508
687
318
342
1909
417
1851
1308
1088
254
1918
1461
1759
1823
997
302
1210
1554
1507
1664
1140
411
20
845
791
149
338
1503
1103
965
1398
626
10
1177
1363
193
448
1196
660
712
907
1999
141
1593
1087
800
1390
637
378
412
1728
1113
721
264
268
1738
1381
198
179
1945
1448
960
1657
434
1781
1353
881
27
40
1538
1876
957
1930
1683
974
1383
1501
126
1937
285
647
1858
1672
602
1546
1571
1899
45
1180
177
1320
314
1551
1944
1479
229
1623
1229
915
1854
1426
1155
1276
362
1115
316
626
139
1511
528
27
1324
1152
231
1471
1591
1862
542
1052
1239
644
358
1889
1049
1496
17
677
1812
615
1199
362
214
1169
1627
1551
601
1986
609
512
1589
1586
1280
1616
543
1649
999
1297
328
1282
1148
1306
1815
1457
1600
1900
562
1159
1890
1962
285
598
655
57
1996
1020
431
359
1108
578
995
999
66
1051
130
1352
1163
1596
284
818
771
603
1826
1874
1997
1364
1255
1271
1329
1476
237
123
628
1173
1635
998
1077
1787
1102
1761
1869
1502
1461
1900
813
1444
1032
1541
1799
334
324
1024
1896
224
123
1360
207
1
1898
572
1882
952
1342
1468
1474
102
796
106
710
1984
697
746
1617
1552
1083
24
1573
131
891
67
323
1205
1462
493
1300
194
678
1464
1200
1795
548
1009
478
888
1374
1428
62
1679
668
1116
1442
483
1814
1070
615
747
727
9
833
1081
239
1065
1588
1990
1333
1539
1274
306
1697
1987
1833
1025
1544
973
1
34
914
1871
1046
608
581
954
190
99
1613
1236
1390
1740
1636
1233
972
1250
1600
1343
344
132
584
1094
449
495
784
125
350
1720
110
21
391
1383
1289
1749
1759
1453
1153
1996
1915
1753
984
813
1017
52
1074
182
1519
864
794
1922
1518
1557
1655
312
1209
1011
1110
1533
193
1323
22
995
1089
361
1652
188
144
336
1242
836
404
1047
544
1307
729
1822
301
1864
1401
1358
1687
369
1854
1923
516
63
1537
763
1150
962
614
818
1357
343
806
10
394
559
1019
515
865
551
1482
1942
939
20
393
1155
1080
1340
787
421
1324
459
703
805
474
220
1057
1244
128
1899
1647
690
594
97
281
744
774
564
461
1283
136
1728
1230
889
1441
476
1948
388
1078
56
355
36
1574
1008
945
807
1238
36
104
1333
1321
587
1213
1725
92
520
65
1929
17
1994
161
1085
1993
792
171
1038
790
1710
322
84
282
481
1409
22
650
724
1952
269
1539
135
758
1835
707
593
1183
139
1757
925
694
1394
1560
1085
1618
1821
1247
1527
1931
310
227
858
1074
1096
385
1213
824
854
406
1711
1283
758
789
920
1350
502
90
196
943
1072
539
1645
216
1249
420
1772
399
1050
35
1706
767
380
252
1789
765
797
991
565
1133
1667
525
1372
1241
1717
1982
951
1892
322
121
519
793
210
1361
69
1970
820
1864
543
1037
1892
1120
531
1138
106
1943
129
223
855
1259
1724
1094
366
888
1609
426
1279
1814
462
1540
1957
1495
1887
1694
404
1833
1488
1585
1295
334
449
1432
743
145
556
400
1314
1566
1906
721
1996
1702
566
1744
876
1741
1520
837
501
370
1105
1717
1947
1084
320
93
304
1748
861
672
364
1745
890
378
1392
89
1481
1294
1719
159
856
409
1767
403
1584
1713
287
186
246
1912
1822
1413
765
1264
1540
1903
1152
1552
735
318
1243
348
1544
1748
1500
181
1827
775
283
1017
1356
1877
701
896
1362
1319
532
720
401
791
1423
274
351
757
883
475
1595
713
5
1777
1521
611
1198
145
1355
1187
1747
735
1176
744
19
726
1052
764
549
1119
1279
1048
1051
133
1608
661
1930
825
1549
1434
1961
135
1639
1661
1704
485
1805
1947
1850
1114
496
15
1926
1978
68
445
819
324
1788
138
1393
1842
1611
579
1805
1905
410
410
781
1955
1397
1228
1417
1669
829
1194
1886
611
397
388
1974
168
856
25
761
1251
509
70
1584
1274
1123
1325
1965
827
1132
277
1000
1113
327
1939
300
1970
651
1622
1949
1779
166
527
1969
1711
1904
206
1508
654
40
786
540
524
1417
464
1740
1058
127
1499
1517
1731
780
1511
1171
1135
1388
1937
628
158
254
1756
1712
432
1170
852
307
1407
736
1155
1943
1842
1263
1824
976
234
1791
76
982
956
394
936
886
1933
816
91
1225
1837
1436
567
1398
429
1642
11
1617
1977
136
1907
1141
933
361
1423
1729
419
1015
1016
1888
338
1100
16
63
321
74
1566
1082
1857
310
1230
1477
1514
27
1376
1573
1440
296
338
682
528
1969
653
817
536
489
948
1178
1460
1646
166
1626
1111
518
1931
701
1394
793
710
1292
1473
593
1644
1387
473
799
1770
326
1136
807
599
745
531
1790
515
761
33
983
1266
1023
643
88
872
1942
13
1132
1682
751
610
414
529
882
1995
1907
4
545
109
1308
1646
1272
18
897
1774
1203
1072
1901
1891
1637
940
1808
1163
574
1385
886
684
455
114
564
1830
1536
1147
142
978
211
879
905
1777
440
1178
330
262
898
1567
1989
1426
1661
1652
1936
1770
750
1208
1332
174
785
31
484
798
943
13
1432
836
1655
937
1704
297
732
299
819
1690
292
652
1087
981
938
1220
1545
1411
459
382
680
345
121
1433
1654
1176
841
493
1195
1964
1585
699
1080
372
443
851
446
1708
1208
433
1010
1021
62
766
756
430
1265
527
360
706
1038
26
1106
896
1217
1543
282
629
1201
1624
340
1949
1166
909
1991
1752
421
1761
1391
1194
123
653
1868
1231
987
1345
1706
731
1421
345
1123
496
134
349
1482
1944
103
157
1975
1427
1894
1635
890
1886
1605
1919
1358
747
1301
375
1708
716
1104
193
52
889
1345
147
1973
877
441
145
1503
1277
854
956
471
481
1441
1291
1779
1177
1770
1841
652
1394
1069
1228
185
1717
1501
1832
1564
838
383
463
1521
1868
1519
57
927
1986
1656
499
903
266
1181
1557
943
877
517
1466
556
1221
1332
1744
87
1928
291
1887
677
623
1157
1371
1330
1873
302
1692
344
1549
562
863
85
1232
194
1021
270
1257
1722
1433
1473
1535
1347
682
1131
1794
1477
181
1039
823
992
343
372
356
1495
1109
856
373
1942
1575
421
1992
751
126
542
921
925
1750
1655
1646
461
599
307
376
491
165
98
1270
607
694
1077
723
827
1613
789
1835
1029
1124
438
1171
412
1797
784
447
1432
1124
425
690
811
530
1134
451
766
1090
30
263
1154
602
165
684
770
1505
800
870
1156
433
1450
267
540
1403
1898
1388
1369
1156
1624
1244
174
630
499
1782
1617
732
749
1860
293
93
327
273
1086
1251
270
530
1900
181
1739
737
984
1780
330
6
577
1960
883
1905
638
734
295
645
907
750
1151
1575
418
1829
1012
316
1673
555
1995
1042
1991
778
1869
1993
1172
181
1764
58
1603
1520
933
343
326
217
648
1253
912
1513
842
1674
484
1380
1392
243
612
1906
891
883
772
1709
544
959
146
1695
876
554
1612
128
1352
1170
1283
1394
61
72
390
596
1743
589
1779
171
164
1480
737
1474
1402
1619
1550
1592
714
1801
614
831
843
1695
175
648
619
460
107
481
1524
59
1081
1042
866
780
160
763
130
1701
261
955
1871
975
739
650
1019
403
671
345
627
1999
980
1638
291
1975
644
1603
1483
557
1808
191
1452
141
550
1300
1937
284
348
1953
1252
1451
1054
685
2
1214
1460
307
541
946
1575
98
828
1173
1159
1796
131
1076
72
497
303
571
1104
1821
1869
899
753
1651
1518
1607
617
1868
517
872
178
695
1594
1369
779
181
980
1445
1194
1673
166
1839
424
413
1628
1781
258
1110
1168
133
1462
126
1051
1745
361
1718
326
938
1179
677
1525
286
1319
1066
1369
400
649
1218
280
1676
1556
192
1991
1377
1882
411
1807
982
926
158
961
1108
1145
1222
1632
1635
1259
1504
1783
1268
1511
82
1814
140
1404
833
919
1491
1342
520
257
1118
991
1229
1411
916
165
1508
974
58
389
1914
359
694
1065
1703
898
650
1206
916
1181
417
363
514
391
712
582
857
895
1852
21
1468
1477
733
68
29
1115
490
1741
1652
1455
374
1127
1733
1130
186
233
1827
1753
1046
1753
310
738
621
1617
1832
1759
6
1799
1819
949
1763
743
1410
509
488
217
1017
1296
596
1410
1744
374
1141
438
256
1502
164
495
617
850
1083
1252
1361
267
43
79
1196
1194
620
1670
355
657
1525
498
1925
540
1961
293
1564
1675
1991
1117
77
129
1679
558
1576
1951
130
1139
498
1865
1258
234
1437
887
450
537
545
196
1703
1596
383
257
702
1846
1710
1670
964
902
1931
441
1436
223
1524
1528
225
1191
1956
1724
728
507
1469
197
1472
1305
1186
1677
249
1870
1796
1273
1254
1393
1554
1941
52
350
1839
1534
899
1034
838
656
1618
1197
1352
56
1146
1776
1343
1669
1863
182
1826
1963
595
1727
871
1430
747
256
1776
1792
925
871
389
1684
325
55
1748
1804
1885
1090
23
1130
1312
1224
1505
1358
745
1726
413
1573
1089
1126
208
1454
331
1101
1927
1472
670
231
137
768
251
849
1712
852
902
859
727
175
1515
1870
589
327
469
1350
1224
172
866
1790
1448
588
1685
1242
757
17
1224
1240
1415
1878
559
1265
924
828
691
1484
1260
236
368
578
878
81
32
292
1264
1288
1114
563
1738
848
510
146
1491
1444
897
1402
1675
759
1145
1803
1734
1451
310
508
1397
1524
645
985
1813
964
271
1137
1178
759
1643
1979
903
608
1731
437
37
472
1247
1751
139
1799
659
168
191
1540
1558
1127
1206
1945
1360
101
1590
812
258
988
1297
1321
629
1204
1167
1187
78
1791
1714
1734
541
249
15
1053
127
1958
1643
1259
1752
969
207
1323
635
642
184
1510
141
132
829
1517
967
936
994
1277
988
1734
131
1136
1967
15
1862
135
613
97
1141
177
1370
1189
1974
1313
360
1229
47
59
1666
1833
732
1068
245
1499
723
996
1678
1946
251
1324
1225
1032
1813
670
176
1151
306
1904
1897
921
97
1280
1595
588
1836
1040
1064
549
1429
821
760
1023
1501
1289
150
38
1179
345
360
1337
1602
1276
1963
1022
1557
606
756
1610
961
926
535
1656
1748
1613
1960
1844
51
1972
1914
1819
1323
781
1806
965
1984
35
861
26
490
1790
1581
736
1733
1006
1507
1457
1643
995
1713
835
1951
1122
256
381
1550
1273
1979
1761
1205
1043
1341
1593
506
609
910
861
173
301
1234
1610
1408
162
799
183
160
868
311
1208
1182
1661
393
814
659
1627
407
557
107
1237
1570
1564
828
229
1716
1305
615
386
504
1065
798
1505
1773
50
175
954
1941
1195
537
477
1826
473
330
1295
1051
1435
1300
1108
328
1064
1811
1097
189
1225
163
656
1700
95
422
1377
1201
1016
1175
1085
1498
1740
1249
1701
1192
580
855
58
65
957
1586
1465
636
342
2000
707
7
1498
631
440
774
1497
894
569
1061
1569
1595
246
1486
880
1355
286
1339
1026
1993
799
785
120
425
444
1803
1028
1188
900
337
597
1380
755
340
1562
1622
418
485
1652
633
1697
366
1834
1606
1304
1258
1528
321
1580
1684
1982
1010
1
1317
1466
1202
39
128
1759
669
1765
914
940
1048
859
1565
357
657
1112
1762
696
704
1933
1347
1576
831
1033
1192
1055
1816
835
539
424
1342
231
174
971
1789
1025
1177
418
454
513
994
1844
613
842
247
1567
863
1895
1499
124
1847
485
1727
1147
98
1006
1548
35
544
483
1228
276
1268
1991
1842
676
452
1822
1650
1883
132
95
32
1938
98
24
1544
1640
1004
1272
1910
557
1348
692
627
1000
845
474
228
1213
1579
170
375
997
1492
1940
408
775
135
368
26
479
910
277
1884
1979
1877
830
1071
58
200
1334
1334
1367
1727
832
1093
1285
1378
367
1702
1954
1287
756
789
1204
300
1210
192
561
656
1233
1498
721
1465
694
1666
680
635
623
73
421
535
720
755
196
1810
206
237
210
482
263
1567
1225
127
1293
664
1256
1172
1058
190
357
539
478
1001
1678
296
1248
1731
272
1788
1638
1197
1551
1647
129
1901
33
452
749
186
178
12
1929
1270
12
1446
426
941
595
747
410
1686
1914
1122
1726
272
1305
1282
1056
1670
1769
1466
944
1826
818
1722
1985
1297
946
1401
1262
122
112
49
1479
1543
86
330
1882
351
705
1269
1041
298
764
1375
172
712
681
442
332
1680
798
195
931
360
858
1220
379
1753
157
1310
333
1762
356
288
470
85
1927
1526
1473
70
1988
1846
893
817
1538
1830
1864
1380
1519
1849
1620
1047
1141
1583
325
237
109
1978
9
1946
1881
358
1494
1311
125
1687
832
148
1376
664
1782
1208
1817
843
1031
1632
164
85
1685
657
706
1082
996
621
443
3
30
1603
1256
1399
24
698
1660
655
1825
1549
1917
1463
1090
1193
1818
400
911
851
164
1625
788
1897
93
413
568
1237
379
244
1791
1434
1917
426
1621
1241
321
1022
89
1033
1162
1965
1418
1253
643
213
1554
1226
885
896
924
1199
968
86
651
55
1650
1198
763
889
119
573
1661
862
1662
1354
437
153
1640
1092
988
318
1873
1175
1688
755
1888
1314
985
844
1670
4
1877
1079
693
1605
1191
1027
661
1317
895
1063
841
1555
1250
1050
1723
1262
1093
1922
1664
459
1293
538
1143
1630
1649
938
308
1244
1575
902
161
1946
945
1048
224
190
1340
387
1694
4
534
240
265
1805
1571
564
613
1362
789
1023
726
1978
1381
1242
1716
760
486
958
1782
1730
1004
8
666
805
906
1584
1003
561
1738
795
494
684
1378
1913
769
1246
480
229
260
1316
356
1288
1716
1837
1010
80
1350
758
1210
1193
1976
768
885
687
691
1687
155
1099
426
1781
1947
1321
1009
227
302
990
1731
1953
295
1443
1628
1846
827
68
1637
428
457
1520
22
1643
697
545
1910
1522
153
1384
1146
1609
1392
678
581
1425
1029
738
1322
1968
1407
1404
862
640
1298
686
809
1453
1258
1735
945
381
1604
353
1766
943
1928
1349
1894
1099
783
1338
957
120
1983
1579
1159
673
246
311
273
1188
514
919
207
807
593
1181
1999
1790
1862
165
1346
559
442
834
758
1889
1922
1104
339
1336
516
635
234
1725
682
1469
200
1115
814
1695
378
51
1982
247
136
263
1747
1853
1028
773
901
1976
558
858
780
482
1527
46
1057
1691
903
711
1160
1731
1530
1018
1742
152
953
1891
1953
1397
492
1416
487
1566
948
1101
609
1195
1916
335
1385
1341
735
569
1382
1155
1340
759
1180
629
490
649
1060
1918
1583
1625
1214
78
918
105
197
1326
1598
1413
1598
1265
1885
1523
258
1388
1685
770
1215
154
434
187
1389
853
1317
1219
1843
1363
703
308
1052
906
1820
1629
1893
1643
1154
1669
1781
892
1648
1412
582
8
1626
1995
1751
1529
1393
1103
1657
658
1585
1756
366
674
901
1081
1458
1492
1469
566
1769
1693
1860
1806
1905
1290
297
800
323
633
950
1782
1750
935
764
1140
232
1962
1118
1106
355
1918
1902
244
955
17
1445
1462
933
1215
795
1492
626
553
529
278
1353
1334
578
1978
137
728
317
897
1110
984
1435
1084
1121
1994
1917
683
509
1849
1797
368
86
1807
888
828
1965
362
1873
1036
148
53
1199
1968
1151
1014
228
199
167
1309
83
845
1793
1616
1913
428
425
840
1145
1385
1547
784
224
1456
511
1267
1190
1420
1193
935
1653
1469
1489
1536
446
1737
169
118
1382
1198
80
1952
1672
1837
928
1394
1925
609
1880
1499
395
541
472
663
1306
652
948
102
1597
1563
1899
1370
1721
470
513
754
1795
1449
834
976
379
1260
1445
295
599
96
465
1174
1600
1985
653
1232
654
854
1560
1430
131
1982
1629
1693
700
1155
619
836
1667
66
1884
1801
849
1011
1921
929
1056
1715
1190
237
230
795
926
299
1455
468
943
1079
921
1588
1395
1142
1787
780
1105
371
41
1406
1900
1112
1368
809
214
1641
60
1405
1866
1549
1351
1761
1840
406
1951
1599
1219
447
1686
1464
1940
1718
812
250
993
1790
1303
1470
1056
1486
705
502
1947
1466
1798
1577
48
814
1159
923
513
1084
1088
1328
1049
1821
1686
392
497
1554
1523
294
1847
709
1547
722
231
251
982
778
979
524
1093
1444
975
1603
112
124
1260
901
60
445
1938
1714
1602
1198
1073
1058
1701
1097
275
1148
255
905
1701
268
701
185
1005
909
243
399
1328
129
1291
1375
497
373
591
415
1113
865
1994
1358
1363
298
1231
1230
859
715
309
875
623
1845
63
1243
1932
565
1919
1292
1464
1587
639
999
1359
1696
654
798
1431
414
1138
1980
786
271
378
1917
1574
39
1330
225
409
348
1602
1313
736
239
644
640
828
776
342
1842
971
801
1478
597
802
1393
871
1999
1542
723
1152
1922
1736
1658
363
1284
1431
1302
16
1233
108
316
453
332
1605
1653
512
54
1135
826
1125
820
171
553
1099
849
777
1660
1146
1632
1523
476
821
504
1238
1021
746
1910
798
594
358
922
1758
1086
500
1196
272
1002
1220
998
1374
1994
1008
1565
767
1245
469
911
506
1434
601
1644
563
707
1034
1765
454
1322
223
1773
928
257
1572
92
284
580
1929
1176
1450
1709
1966
849
1962
40
1796
607
951
199
101
69
1330
887
118
886
1164
1414
143
1314
865
506
197
1061
1142
1209
1149
209
1980
1705
1695
256
1778
516
1973
1345
1092
1724
1465
75
1353
1367
662
128
1532
73
1286
10
1720
335
679
89
1286
1263
1732
1413
1616
982
112
138
1183
1310
1704
1015
1679
869
308
1446
1986
243
913
616
496
324
231
848
336
1968
923
1488
1047
1498
423
118
1439
1594
788
1449
493
1650
914
731
1592
1614
19
1339
687
1137
1845
1069
657
1834
1297
682
703
916
442
1193
148
1111
1000
555
1253
1943
118
533
1375
566
208
680
1796
1785
1204
1810
1269
827
1534
719
1778
562
512
1402
201
1605
493
1139
474
143
978
221
811
1764
1069
909
786
1678
810
1866
1777
754
1644
1726
861
1415
924
230
514
1588
314
1882
1204
833
954
1641
1802
817
1676
398
490
1985
1026
842
541
185
1133
885
1996
1163
1004
239
349
1057
370
777
1465
786
1856
1588
748
1088
144
1182
247
34
1798
1806
797
1441
484
1649
51
1853
216
691
109
1033
320
1442
417
679
107
1814
1815
1232
1832
1372
1531
1800
1531
1690
1653
509
315
823
1844
727
56
49
1685
1781
1594
1696
783
244
494
1192
56
1271
468
667
1626
1025
523
1257
36
1968
1651
298
1766
1644
1589
781
1209
386
1919
631
884
422
556
724
1494
1858
75
470
881
963
1958
1209
307
1566
354
1546
1153
562
673
1105
655
799
396
1003
603
1306
1738
1216
1012
99
1529
1453
1177
654
1800
1114
282
1851
498
788
616
1484
1852
1594
1488
262
97
112
742
489
170
1935
1635
1920
647
1251
1119
341
104
1294
402
1493
847
813
178
1601
779
267
1386
500
31
1089
289
1302
388
220
764
222
1333
1201
787
239
70
1257
643
428
1507
270
1439
947
1522
182
158
768
719
1072
1175
816
1496
177
1510
1890
254
213
1706
329
676
442
1586
1452
93
25
1096
1694
226
1572
1401
1336
279
791
1821
773
1129
351
1410
483
520
1542
578
1906
696
1211
1024
1138
282
362
263
1634
218
92
42
585
1768
1030
337
636
838
790
1044
894
1124
1831
756
598
1392
96
1550
1612
748
1971
1929
1158
809
1919
1983
913
593
604
218
245
1901
72
1823
816
1458
980
1209
1365
898
1447
1868
1015
949
575
1693
185
555
211
194
1163
190
1239
1849
1667
1211
1669
272
1086
775
1931
815
939
1480
1126
1725
1169
818
1543
329
887
1256
1038
974
489
699
1411
1537
977
223
1564
884
1280
53
246
14
1509
1038
1615
1529
523
1663
1614
600
507
124
1438
202
1902
1332
1040
1422
649
151
1935
833
1305
1541
354
810
1940
62
1106
1526
941
1341
420
1359
439
1666
1605
823
1002
643
986
1535
1500
947
653
1956
1559
614
1805
274
1897
1584
11
612
931
1787
1316
1936
1786
1303
1954
977
195
1577
1075
1254
1203
1385
267
1966
486
32
405
27
762
1878
1592
12
407
1251
1793
242
268
922
1986
1465
945
757
1812
92
1331
1443
648
1774
227
992
1764
1723
790
1273
1223
1289
1630
1001
1036
1996
1752
254
522
1356
205
453
37
108
169
1728
930
425
142
738
1705
844
408
138
320
1190
917
1387
1903
1819
808
1592
472
1112
697
838
1100
885
675
1874
1658
1815
843
242
78
130
1701
1234
382
1806
482
1737
1376
548
1579
834
772
146
1339
685
1374
966
109
579
228
1932
1140
741
166
1172
1439
9
13
386
683
1222
1228
1939
672
1192
1484
55
804
1265
210
451
1089
1440
242
1023
1040
1213
893
69
176
1912
342
205
50
170
1676
1821
1377
457
1726
1604
550
255
217
374
369
1301
101
105
1796
1497
1785
321
416
760
1525
479
507
253
608
1316
783
1562
120
1870
773
1396
91
1809
1383
1437
1674
1642
183
1019
94
353
1872
1707
1467
1607
612
550
163
1207
1353
823
427
1604
799
853
1484
1860
965
989
1022
275
1017
1881
841
675
1760
1414
1246
1766
240
1541
1792
1783
930
920
1700
1645
1006
1729
429
752
1461
1623
807
1883
1879
1307
116
584
591
944
1547
942
812
990
1373
1894
999
1051
551
1824
1105
1957
674
754
1581
726
742
1342
435
341
359
574
1010
733
1714
1062
47
335
1353
95
1184
709
802
687
667
1510
402
793
1704
800
367
1900
225
574
1367
594
1135
3
2000
885
160
1289
1257
1438
1575
1675
1257
730
688
1005
1287
1513
757
949
296
1085
1561
923
826
655
1646
1689
427
1660
1486
1850
747
1903
1362
1044
949
54
869
290
1673
467
54
596
835
1126
1775
947
848
366
381
1529
1471
815
1036
808
1896
1173
1095
1219
1035
280
782
1966
765
1076
1396
76
1303
1287
725
597
1478
1642
293
18
1576
1078
636
944
311
375
1767
383
1607
1576
1794
699
1111
1508
1267
977
765
221
169
1247
209
415
123
467
1103
475
1555
888
1321
1480
616
1839
1166
225
1755
1840
676
1615
437
750
1517
912
137
550
988
443
314
1645
1628
524
1248
1113
1872
1009
1782
1925
1719
1857
1828
1091
576
675
1911
629
1867
658
139
390
104
924
1032
204
492
297
852
1884
11
1338
1073
1801
1346
666
525
1437
1659
922
364
1322
1530
1082
460
1456
199
614
1754
642
96
1907
557
1916
1905
1013
1631
1841
1095
1971
461
1406
1360
1442
560
725
85
1794
325
1570
785
1221
1671
836
857
1043
1304
1577
1866
1005
1630
1769
1814
1478
1671
216
1387
80
1124
1352
589
1865
607
966
651
136
1673
208
1765
491
4
1102
913
1689
252
1329
61
154
1058
839
964
1227
1388
1021
1086
958
275
38
950
1268
1421
1508
715
1148
1303
9
1118
1104
248
1348
825
144
1407
1535
670
1487
285
794
1780
620
1715
985
972
692
1913
1561
344
901
641
144
1926
864
324
1600
886
280
1668
1545
868
1177
549
1393
277
238
990
309
1739
525
1638
1420
1167
1928
579
580
870
667
423
75
873
156
892
1472
1338
279
722
505
683
837
920
1737
929
903
571
838
317
713
1313
1969
1521
503
21
273
187
1809
371
1890
1552
1645
1615
468
647
1060
1876
80
571
1333
1092
1162
1360
953
107
785
1825
1103
717
1843
1219
783
487
67
888
287
212
99
632
1096
1418
916
1130
1016
431
1013
1577
1182
874
1831
940
184
900
261
835
479
1797
679
1937
477
589
815
1065
412
1338
784
364
1283
424
1525
1841
361
1500
1734
854
1308
1058
944
105
468
104
265
225
1013
1420
5
1425
553
864
878
909
955
1719
343
423
1241
881
521
1946
714
1462
28
1144
936
1274
1808
1717
523
1632
1088
1452
1783
980
703
729
1483
1644
765
1421
948
810
660
1408
1171
317
106
1147
637
523
1161
261
466
1380
1160
576
429
1992
47
1493
412
760
83
1369
1427
1741
1345
1590
1537
1050
980
141
349
266
1318
1143
1891
1896
862
476
1032
1710
1722
1820
1709
983
1007
1412
1091
1579
292
1898
1771
150
111
676
551
73
1044
305
1282
963
194
610
110
339
1466
372
1881
1373
441
462
1981
350
1612
534
450
1545
191
1157
1235
178
1856
1514
1910
733
1755
205
269
255
1842
911
582
648
184
1737
1284
379
1624
1059
329
1152
963
1506
1532
1713
1348
262
769
1130
124
908
1260
1713
960
1440
311
865
1680
709
590
719
726
1169
400
1989
651
813
967
1482
993
851
692
1162
276
1374
1789
1749
1954
491
1160
724
847
666
702
1597
1343
433
418
473
3
40
705
492
1501
1405
396
1325
69
60
1758
854
25
596
274
1631
1030
1671
179
1415
1788
872
300
622
1819
927
1426
1059
1304
1216
1611
908
603
1490
1217
1178
385
847
1202
1145
917
1961
776
1485
822
720
1957
564
241
753
518
1311
739
588
1581
1533
1357
441
323
481
1627
1451
1679
543
665
1237
891
669
354
34
463
26
1288
1144
1572
1718
1493
1373
991
1625
1682
1500
464
119
341
771
1980
123
470
973
55
1997
1810
1195
1476
1797
663
1430
509
1772
384
1031
300
1235
236
1234
1924
911
962
1438
1128
1372
511
184
641
611
1389
899
718
1357
1101
1287
361
83
1408
1840
1071
716
639
1253
1641
1729
1174
1132
1069
847
62
1642
160
1010
1480
770
711
170
1035
197
1971
417
752
1417
1980
1741
1027
664
910
1036
127
1084
1028
435
1530
49
1071
348
1733
679
1224
1240
77
172
899
47
823
454
664
177
334
1059
117
1100
15
1877
1836
1984
584
424
1818
428
677
1828
307
1329
293
562
1230
584
739
1147
559
499
645
663
1949
1830
1580
1974
1315
318
1205
1967
618
1598
533
630
1148
1681
531
831
111
283
1018
663
495
1507
1824
880
1526
1980
906
403
1924
157
556
1167
1090
158
514
402
782
930
846
332
930
1927
1843
386
1828
567
1689
534
558
621
208
1272
1183
1916
1601
1620
75
494
445
258
1131
571
1312
1997
378
1601
638
1050
949
1371
1489
1044
1720
258
1236
1863
581
1018
175
647
1079
1859
1898
346
808
315
1656
47
1795
232
979
824
1001
57
101
1023
959
46
1210
1556
143
1381
546
1867
353
1206
1751
1046
56
359
1831
1340
1536
498
125
290
332
852
1330
503
422
667
1279
833
456
744
416
864
644
382
1068
1431
1912
1045
14
1568
1901
1093
1260
1768
580
1765
1178
243
792
1921
1470
1816
732
1176
512
656
1127
1392
941
990
527
525
1801
1474
411
1988
1000
44
1651
755
24
120
1206
1123
168
735
954
76
1861
1758
455
264
893
212
1461
1606
21
1436
942
635
305
708
1150
483
795
429
1326
1453
809
373
217
867
1072
1688
686
1332
1952
1499
663
1736
37
1351
419
1432
591
1725
510
387
331
1783
1740
1170
1563
209
1915
537
447
764
658
1973
1049
411
959
87
796
436
994
974
867
632
1238
1651
958
1437
1288
1956
884
667
227
503
1105
1772
1950
384
1628
1181
522
1674
1806
100
749
1727
1988
1383
1985
583
149
423
583
1310
41
457
1490
1431
1566
94
241
969
238
383
645
279
1645
623
1672
1020
89
404
1763
1809
1558
1599
336
902
381
1245
1541
1488
1287
1263
796
66
1826
1373
1255
29
235
1967
1125
1099
1625
1398
201
876
815
163
1736
1756
1965
1266
1137
547
226
243
156
485
1560
639
1431
860
1048
1494
1185
1337
1520
1191
1914
257
1186
406
560
241
1327
1691
618
664
1474
745
149
278
618
743
28
1700
989
1337
83
1539
558
221
673
802
1055
575
641
696
1502
1045
1911
1971
1137
139
1925
1223
1402
788
1867
778
696
334
1476
1495
599
456
1862
1893
1918
1012
1002
295
1398
1180
1721
1989
1064
1506
195
1052
697
218
688
167
552
646
374
53
1414
573
1699
991
1308
1235
137
1862
403
238
868
489
1239
1246
185
803
660
42
281
1097
1965
188
681
304
582
889
1647
100
1840
479
958
298
567
482
1839
1407
274
1952
1762
1171
953
568
398
1245
566
514
433
424
1787
110
440
1689
503
1383
1742
952
259
1382
278
1706
54
700
459
388
778
88
1354
812
369
1652
1754
1233
1344
671
922
572
1447
630
1207
388
1467
1451
289
352
1215
1903
642
438
1823
882
1316
43
1693
1532
1008
797
1306
1858
1736
1763
1054
1979
448
1462
1891
501
1578
1447
1109
413
659
1422
931
164
1479
408
585
1904
377
87
1557
150
278
1264
1954
1256
548
494
265
997
76
715
1746
839
569
1022
620
532
383
69
348
1222
1021
1960
1641
465
204
853
343
1404
1485
67
1062
266
54
995
882
592
382
1149
1778
1506
1932
1802
1343
1733
429
1865
554
1880
850
829
328
1487
1014
163
808
1226
1911
1228
288
843
1066
1512
634
1637
1616
605
1285
192
570
1464
1309
1403
1730
874
1553
1574
1762
1327
863
1436
392
1315
1812
561
1559
819
975
1102
911
811
71
1459
1152
985
938
775
620
1154
1192
1445
1817
1442
1556
1426
763
1230
1668
1504
1214
869
1199
202
622
41
1518
120
824
1531
83
568
1591
708
1280
352
1813
818
479
598
1754
791
1852
1497
30
1078
822
338
1424
1745
866
1542
1338
444
1596
1703
1675
1926
1472
168
44
1804
235
848
1726
1504
82
531
835
879
1953
20
1405
1920
1764
1732
951
1547
1268
1904
561
52
724
264
60
834
1492
570
1441
202
750
1922
215
1218
790
425
1429
327
1950
1735
1037
1106
817
1861
1489
1239
1985
1226
1617
1492
39
935
1822
60
602
1939
1410
467
1988
894
380
1928
1467
688
1413
1988
1888
940
1259
1524
155
794
793
1285
902
1542
1745
1590
1998
1927
1855
578
92
1772
987
1489
1633
1443
1063
183
661
1320
1513
769
1406
1364
870
1168
1074
291
1914
673
385
614
522
43
829
1364
312
93
119
1356
1212
1276
1341
29
1955
416
102
10
347
180
1491
1804
1251
167
333
74
638
1076
8
1723
1261
1683
1361
1091
1134
1319
1089
1351
1577
806
1899
1918
1847
288
1469
1070
907
480
125
432
189
1581
1538
908
1958
26
1440
624
939
1132
1396
460
1108
1294
1908
716
1026
1231
29
129
1117
820
284
1535
1076
530
1173
1279
1587
491
76
839
1768
1772
1395
801
1144
927
754
1621
1355
115
1509
1786
250
138
703
1798
403
201
1824
1443
1035
1889
1909
1662
1237
994
1296
1035
1328
604
1000
1335
681
955
781
364
476
658
1974
1746
1449
961
845
962
302
1747
1909
186
1130
1780
1206
203
322
1121
448
709
956
646
1165
1276
898
792
432
1117
552
326
1341
238
1345
1934
94
1319
77
1830
1473
1856
1892
989
48
33
1769
454
645
1184
1948
940
1268
1873
269
1234
687
661
232
956
1357
1030
856
1266
951
317
1497
866
725
618
1420
696
1422
997
1116
1656
1521
154
1952
1707
1131
519
409
775
1610
889
1401
113
830
253
1515
421
581
617
303
1711
1979
1271
821
1399
552
1696
691
1551
570
718
1014
1027
730
1767
379
535
1243
253
705
1685
401
84
95
1487
1243
1137
926
147
1212
1003
1802
576
1458
608
1309
1043
1475
561
1800
1514
14
1816
881
1081
892
1516
1825
107
211
1629
1777
230
501
670
173
1298
552
90
1373
1131
878
961
1721
874
1490
14
1119
337
1509
1815
1149
18
632
1246
1301
1866
1408
1793
1172
955
1485
365
1573
367
1875
1120
1740
616
803
1858
1889
1879
124
1639
86
448
1771
1847
151
1544
259
204
1908
1323
249
1121
689
934
1846
212
465
281
624
1119
1677
1378
1454
250
616
220
674
1798
1568
1493
744
1117
1623
180
486
1390
831
1697
460
1981
467
824
182
1565
1038
1175
395
319
1729
832
61
1604
1009
1107
1199
1550
1359
919
245
716
311
1666
1640
653
740
826
1099
153
1278
1490
917
668
1401
603
1120
213
347
175
1307
1098
1657
50
1454
1877
1153
1710
1125
1632
537
746
1803
132
1439
353
1565
1912
220
327
431
337
1336
907
973
368
552
726
159
1829
386
16
1446
396
423
1079
1202
1625
432
389
839
1467
1808
1166
625
1188
758
279
701
1143
485
1433
797
692
1744
158
232
710
665
1629
1962
1581
1811
1884
409
1175
644
647
617
1502
878
1184
1691
141
1317
722
755
250
519
1107
463
542
1855
100
1379
153
539
1935
630
1791
746
871
973
1817
12
908
1233
1915
1547
1984
595
1589
711
904
198
373
933
611
897
771
1962
1475
1967
1310
1696
367
1639
40
1151
1568
1803
585
583
1223
1612
606
1703
1040
1828
988
203
869
42
1306
1802
1587
10
240
170
394
163
991
1302
1795
1386
1680
505
540
497
1845
1326
219
457
646
1750
1665
1364
1483
88
880
1042
1831
355
774
708
613
1066
1553
492
797
641
1594
1029
1283
174
250
608
1214
1941
1295
931
11
1840
199
439
816
1091
937
19
1987
729
353
1977
273
1920
470
274
745
860
706
464
1536
1455
1578
314
1274
1126
297
451
1893
565
412
1473
444
1792
1008
678
1853
35
103
953
1984
1682
473
1336
1066
1982
1923
722
106
928
811
66
1859
108
668
368
1404
1711
814
205
1920
1807
1207
1932
1325
122
65
1095
689
1771
788
187
180
473
1493
702
993
38
176
1236
314
1964
229
690
1210
1053
680
1668
1613
1424
155
968
1592
63
1474
1244
656
1258
1075
1510
610
281
1142
6
1854
1440
516
1872
517
766
1382
1907
317
339
1366
1385
801
288
1232
260
602
1619
1582
1987
566
232
1688
1692
1164
248
1687
623
211
1154
1376
1538
480
1100
689
1919
1518
1895
1062
41
349
1770
140
929
740
1636
1596
1379
1186
779
1110
748
985
64
1734
1948
1872
528
296
20
753
1103
152
38
1523
1868
1828
905
806
1770
989
777
1725
968
121
993
517
1424
1150
844
1344
982
847
1658
1838
547
590
1765
211
1450
162
866
1292
542
1995
1528
292
1419
1248
1863
1817
1067
1429
874
771
1002
245
1299
322
1082
661
1866
276
918
1536
1784
891
221
628
698
1138
418
554
1359
1200
1732
1172
791
483
4
1221
976
917
846
855
1160
1117
525
37
1144
1296
37
836
1827
1622
986
1699
1416
184
639
1773
1852
1851
1942
1688
1157
935
155
1334
1457
1619
581
1013
447
995
1139
1961
1455
1169
1079
439
860
1628
1571
357
538
1255
1222
310
1158
1395
1809
303
1693
390
166
1372
1569
1307
738
1292
1158
1545
1637
875
1633
1106
1548
1267
1501
1657
115
1351
1682
292
1550
704
241
1077
57
12
193
702
1168
1735
1452
770
1674
280
787
501
591
1672
992
394
625
445
81
1014
1760
1694
305
22
116
1255
51
1801
1552
1912
146
1182
1377
792
1668
1246
24
971
219
405
1030
1298
262
259
431
159
594
736
1732
1252
951
1516
148
730
1789
559
1512
1425
700
1895
1983
1705
1253
469
516
1085
1920
1285
1708
486
273
1412
72
491
1963
547
162
1850
1080
1249
1930
215
819
1619
625
1429
998
1245
1876
1116
1958
162
546
857
840
1878
607
1757
1266
929
436
309
776
466
853
1477
81
612
910
1769
660
601
1654
1724
1647
627
772
722
1904
1966
428
1593
1361
1336
1128
1096
734
1639
1686
1582
496
1406
546
805
100
1835
1197
1331
1475
1774
1459
1560
1320
161
742
1128
1240
717
413
346
1181
28
1078
1822
187
390
786
1092
1611
930
1250
196
1454
1944
1743
867
272
542
2000
966
1763
260
266
1744
1572
117
1248
1433
214
1062
625
1766
1516
1543
356
1791
452
402
1342
1755
1534
658
1434
377
734
303
1958
577
1189
357
1252
384
967
188
882
892
143
1290
1608
99
1589
1094
249
85
276
1125
1975
1681
1122
507
868
1460
624
315
597
563
634
1159
678
1041
573
1939
1361
295
855
1412
1247
922
138
858
928
1411
1833
660
1486
1911
1579
1029
394
203
1671
1874
565
1018
1626
1212
1048
1261
1506
749
877
725
34
816
1888
297
496
675
1293
1
278
1037
1976
1861
1408
1100
1451
1655
1590
471
936
1201
67
1823
339
230
1185
1956
140
1650
251
1773
588
55
1093
1299
199
240
712
1925
1832
162
1659
391
685
130
1751
269
1270
1528
927
624
1606
683
920
121
1747
586
1161
1187
1620
1755
1608
6
1496
1995
165
270
546
1568
1727
1332
1414
692
1135
861
600
1033
637
1767
1895
1792
1185
595
573
983
508
1083
1184
794
499
821
1785
84
808
824
1910
319
1908
1386
704
1281
384
351
1389
1707
8
405
1936
1323
293
1997
220
1464
167
1098
857
829
338
1756
842
82
846
77
1891
1275
906
981
1001
715
606
1975
30
672
1559
1743
1739
363
1864
895
1775
358
1811
1892
840
1570
1546
1827
1779
74
1012
391
839
1150
474
490
201
335
1793
371
223
1359
592
1304
855
1582
84
1374
1362
523
1275
189
1648
296
22
536
1272
1946
1200
541
579
723
736
486
134
1785
543
1350
1221
933
673
1893
328
1446
969
1950
605
119
1638
752
173
1555
218
868
1249
1384
279
983
962
1998
1545
1482
1950
815
604
1951
46
1707
1270
814
1518
25
228
337
1107
714
1095
436
1215
1073
600
1844
88
1080
910
1728
306
122
1107
253
625
1068
1622
36
215
468
1427
251
33
187
207
701
1885
1273
41
319
572
549
1053
1799
254
1456
987
574
392
1990
1757
1699
1887
1879
1331
382
345
1351
151
1269
572
872
1614
1951
688
607
717
1691
1665
1516
710
1371
1729
1916
704
1475
886
1508
875
1407
729
1820
819
1281
1073
1217
1981
546
773
1957
1478
70
1127
426
986
1509
1737
1025
1608
216
488
782
1457
1061
1944
1668
1830
587
1437
1425
290
1921
609
1580
1294
294
411
774
646
1849
1368
1533
215
86
127
1798
1746
997
1636
1959
638
662
826
840
1739
1535
1618
935
117
1663
1419
709
398
414
1438
905
733
1162
1672
159
277
1692
212
1004
18
654
1586
1778
627
313
989
727
1750
80
1527
1129
1777
743
659
377
720
695
1722
1330
477
453
1527
1017
864
1211
5
719
1784
1938
938
884
1422
261
1070
446
435
1053
970
1713
749
1194
630
873
610
1969
1347
244
399
748
600
1064
1597
111
478
500
1146
1041
1369
1807
1661
1831
960
282
721
1108
979
1695
247
582
1148
1478
400
689
1101
1667
501
822
1002
1898
612
627
1188
1533
1945
1835
1582
1869
82
1278
416
686
545
1060
283
1680
1269
1165
1750
932
389
114
505
748
1911
1907
313
1845
365
1568
941
1923
1717
1295
1250
239
264
1278
475
1275
925
1481
1098
1623
78
1297
928
877
482
1850
1134
1895
1960
690
1026
1784
1808
508
640
1039
1841
1034
226
1013
1098
1241
1664
1060
1166
1678
1286
204
942
1757
1709
657
846
1057
79
1788
789
1409
583
1702
837
1582
100
20
1783
104
121
586
871
739
397
782
588
569
387
299
261
666
198
1447
1665
706
1681
315
573
252
532
323
1809
1077
518
550
1990
420
1619
1854
131
450
1390
1747
154
1016
499
1352
78
752
1934
1853
957
913
1816
1662
1052
1087
1753
1034
33
1935
1281
1718
1511
1959
717
1983
1611
724
1497
1217
959
1391
1776
1424
209
760
1601
1218
1697
1633
268
48
1856
585
529
867
1505
530
728
308
1049
240
159
810
1298
1313
1570
376
963
242
1254
717
852
1947
3
7
872
71
968
1601
1391
481
950
502
638
604
313
618
1757
1006
465
743
1435
1583
463
188
1067
1031
1335
145
1607
1055
1620
1935
1189
553
1107
1420
1779
695
1124
857
1631
1063
503
694
1309
210
1167
521
435
567
1446
287
195
967
1537
1945
1876
1559
575
471
1097
462
1031
1346
1723
1648
979
214
632
971
706
362
1482
1203
333
188
1179
1163
1168
1418
1648
1410
1524
1715
992
913
304
587
407
1591
1094
2
592
796
1471
215
401
377
409
540
1151
397
359
1310
795
574
1621
1132
1327
404
946
1337
1614
1973
1223
1144
1936
151
1609
599
1909
1921
1820
1354
932
515
306
126
1730
1636
1698
1754
389
1421
903
1083
1170
146
1631
671
665
1109
1700
169
1463
1258
636
1739
183
1849
668
1953
1933
1045
1282
7
544
393
800
1308
477
512
740
1344
565
1134
1633
119
1624
1851
1640
1553
1716
1692
1335
286
767
1275
1660
140
1936
1317
532
725
1540
762
964
492
705
617
1542
1569
1299
1372
1827
883
1164
1671
128
1561
1522
570
1494
227
1600
230
761
1112
469
315
1512
602
1028
971
1400
301
257
890
1696
628
779
593
235
1314
1503
1510
1595
1322
1055
435
1239
745
1254
1298
1270
1011
996
122
488
370
111
1863
1706
1627
1201
469
551
72
979
156
1682
248
1036
1347
347
324
723
1280
1281
1710
947
1760
533
640
392
1590
1771
1129
1399
1284
1419
1149
771
91
28
466
651
103
1059
727
285
1121
433
568
1688
1615
675
704
1096
369
384
1349
1690
720
1415
1198
689
923
1047
1969
1315
1681
472
926
1867
1450
887
1022
730
456
584
539
1609
875
58
277
529
1998
458
1212
1660
1091
1876
662
1987
1697
212
255
731
415
1059
1861
500
1756
63
917
19
538
513
1648
595
1311
1634
71
851
1305
1029
632
1485
884
355
395
1343
1621
457
770
1552
1775
1379
1018
803
978
1673
1558
1966
772
363
1054
553
787
90
1847
427
172
543
420
674
974
1629
615
1116
1944
1087
42
1884
730
1272
1789
367
149
1924
1315
776
1468
1834
370
1409
1327
1548
1948
756
1773
229
1143
1088
377
365
1971
57
1139
710
970
116
844
551
1397
1001
1182
1208
698
149
306
1848
1133
636
1065
1548
1071
1932
1261
1123
430
113
64
81
560
1318
700
1274
510
708
443
1356
702
1602
1326
1042
334
222
1532
622
283
1992
1211
1167
1836
1780
1074
1994
1405
862
1020
1153
1156
1878
1930
893
1061
478
830
1571
900
713
572
405
1186
1680
615
741
248
1057
1007
858
1881
462
1733
640
1678
1111
1578
406
626
1213
234
122
1303
937
877
318
1533
894
1487
48
915
1553
1248
366
1423
1683
1502
631
1180
125
1548
133
665
290
1855
459
918
741
1094
1086
1684
1205
289
977
132
970
716
1722
1219
407
1836
972
731
1223
981
1855
191
699
1784
536
690
1380
226
1886
234
887
984
1301
1855
845
1683
547
586
363
1752
233
140
1162
1561
1527
271
1293
84
193
1654
564
538
1960
245
455
1888
1368
369
763
554
1363
978
879
1774
304
820
1599
668
1331
1766
1949
1312
1483
1461
1945
950
1915
1142
2
1395
451
650
118
684
434
1792
714
331
1924
1902
1252
1803
707
1179
1843
1854
739
152
179
1837
914
1511
1902
812
529
45
1908
23
806
505
1512
1959
801
1990
1418
102
507
920
1551
1476
1538
526
150
1921
1419
1387
1832
1202
842
1785
1500
452
1975
695
1375
1232
287
1432
1699
1234
224
137
1705
713
1818
515
1146
2
806
1157
1400
1278
1714
1537
1908
23
1360
200
1161
1970
61
242
1168
1040
1949
1530
669
1749
759
342
402
1742
1570
592
1070
1886
1613
405
456
737
680
1964
524
1156
642
732
1534
860
102
1530
174
671
156
495
299
1591
401
669
759
284
879
1416
590
340
1197
1140
1024
385
741
526
1426
217
31
1712
1495
718
313
1324
1716
331
1436
218
637
686
114
1273
1720
604
1797
761
975
1207
1030
1220
515
430
873
1189
1238
203
1556
340
352
506
1811
332
1142
365
576
1838
942
1365
650
1128
634
1775
241
1720
1955
1933
1871
253
1621
1894
804
167
1771
643
1387
804
549
233
993
1415
1024
849
1494
1562
1289
45
1569
226
195
1039
827
1580
206
1610
1348
289
1061
1658
1513
202
178
950
1138
1519
1992
1788
987
1515
1708
439
952
114
801
1883
976
1970
1216
1221
1476
1075
1707
331
859
480
734
461
74
256
804
1810
53
918
934
728
1245
652
1413
1622
970
79
352
683
134
1227
1459
1238
792
410
91
1896
360
958
1618
1080
1767
1275
906
1158
677
16
681
38
1136
444
1226
934
1122
1721
434
1127
79
1077
794
873
1044
1703
1689
1087
1546
1171
1391
981
633
1118
1924
691
992
1388
1339
767
390
1845
504
346
1708
751
998
301
1959
563
1676
1318
1602
1890
1585
208
1490
1229
1348
879
1016
2000
450
1742
380
1371
994
934
1599
1563
784
1638
932
1460
972
1587
619
1998
1411
1514
1787
1557
313
1768
1098
1391
1443
904
605
1715
912
1856
1366
1008
15
921
779
555
1486
932
1800
1149
1656
1452
524
1292
1014
707
190
996
1711
1311
1405
840
458
36
1563
621
1519
1897
1913
740
916
1136
1445
1136
579
1624
1735
776
587
990
534
1620
108
1559
108
1702
1169
984
1981
1296
685
1384
1633
1399
1115
1479
1056
631
1817
475
1071
841
893
1649
1838
1256
1505
900
719
1363
1807
1454
1382
1180
676
1120
1630
320
1698
883
1804
71
305
157
1240
90
807
396
1196
1562
61
1642
94
1015
1993
1591
1064
1448
1027
976
1284
248
115
283
740
94
1037
895
919
32
1663
1763
575
1003
505
1879
1597
535
682
1857
820
113
1616
633
1284
1875
1378
937
1659
502
1896
1463
406
309
1028
1523
134
672
1670
734
1584
18
262
1327
372
853
1997
458
1674
1607
1072
1344
762
432
222
1939
1609
335
513
1400
1277
1267
1112
590
1655
399
825
538
510
1161
648
90
196
451
133
1712
969
1438
1937
870
1786
1883
1067
201
793
1837
1630
1349
1595
1610
521
393
880
1133
1282
1730
1698
151
1978
247
927
875
1264
1795
708
825
1718
171
1110
1870
1567
236
897
1850
266
1174
236
5
1893
142
1885
1433
568
51
255
1470
286
1650
1976
407
344
1355
1967
454
1666
882
408
1496
1516
1736
697
1068
620
1187
1574
1444
983
1604
1333
1480
1902
115
1659
1165
1414
427
1390
189
873
1286
422
408
876
1045
1749
662
1741
1417
862
154
43
1362
1483
497
484
1212
1428
613
591
655
1721
117
401
1337
1540
1475
271
1517
1422
1974
1244
385
635
316
1698
397
1174
510
1092
1860
1216
375
1657
1861
606
1095
1396
1829
900
586
520
1450
1859
1406
1074
1370
1846
567
1923
1326
189
919
773
177
1227
438
1379
1834
752
1906
777
16
587
1723
1262
1328
1834
621
1355
1851
1608
1109
1291
213
921
1311
376
1865
235
693
371
554
856
945
303
105
1318
126
1913
1654
731
449
962
304
1358
1227
947
526
1033
221
822
1580
1429
1768
965
1370
1954
161
1930
1254
439
319
115
547
1267
152
626
1428
87
1278
1894
500
312
64
1529
30
197
1963
768
878
498
1084
850
431
1875
942
528
325
563
1316
109
1589
1905
1836
480
1972
830
39
1606
1926
1403
419
466
23
809
1882
301
350
536
805
340
583
1794
1704
1191
589
544
1174
260
393
506
1705
1572
1526
996
813
493
532
901
1586
1346
628
465
714
738
1322
899
1262
173
477
207
1950
511
1802
1775
1870
1860
972
1649
1128
1111
892
1614
464
1147
1295
1588
14
941
1875
600
1663
1824
1375
1964
1073
396
923
1409
395
1481
1196
1129
1161
487
802
1312
1365
1328
471
834
1453
364
1114
1606
169
1754
1409
419
68
1531
219
44
811
66
1384
1555
152
9
322
1941
1467
556
1683
1179
1906
1231
1340
907
693
1636
1309
1399
1397
1434
376
639
1667
880
1901
753
1646
224
1290
715
1263
1728
1396
103
1114
1158
1243
70
659
1367
387
1927
1133
1743
1247
97
641
1681
1637
1235
527
1498
1662
1041
1574
1615
271
290
1344
68
269
965
1687
1007
448
112
1197
1318
1665
1948
969
848
1992
737
1184
392
1049
64
410
1115
350
504
1875
966
1755
1810
1218
934
398
438
931
46
961
1955
1190
458
1421
