82
14
27
27
188
163
89
119
54
5
170
82
121
8
189
86
35
183
76
189
117
93
137
80
129
83
110
137
113
179
83
98
139
109
28
82
122
61
90
46
92
45
2
102
123
12
118
148
122
68
37
165
68
135
100
37
32
184
31
30
46
139
24
127
198
178
103
17
78
123
42
83
64
63
85
93
54
156
168
35
125
92
56
55
21
165
32
55
50
65
79
125
52
23
121
13
20
99
15
57
24
77
109
187
181
186
122
124
177
120
7
33
15
126
7
147
179
190
91
185
160
79
48
197
99
68
4
96
29
123
43
136
64
144
60
163
57
43
152
93
140
106
21
142
175
77
199
192
147
38
51
193
4
52
29
14
17
12
151
33
174
173
150
143
162
2
120
6
181
78
55
161
69
156
183
23
121
170
99
183
93
97
33
123
20
80
126
3
67
49
18
9
13
65
166
58
33
29
175
149
53
84
184
154
22
136
178
185
157
191
150
194
54
129
127
140
190
70
21
193
110
168
18
61
100
175
107
56
195
148
58
187
104
81
89
23
167
65
135
58
180
98
127
63
137
39
73
5
104
158
16
132
171
69
74
116
3
160
29
75
105
135
175
72
101
24
70
131
1
96
51
111
184
114
64
200
138
177
131
31
16
163
176
7
130
187
26
165
151
1
101
82
52
96
158
39
76
168
20
180
53
194
200
128
44
197
44
183
62
133
63
16
190
91
111
62
117
34
176
74
89
132
19
193
9
15
27
12
46
111
120
61
82
187
63
179
13
107
39
35
102
124
50
52
134
155
50
94
24
84
43
92
184
163
74
66
25
65
181
170
161
161
12
146
127
157
132
118
28
37
157
154
87
169
113
56
30
98
183
117
34
50
43
33
5
112
79
170
181
40
36
70
22
75
149
138
67
25
164
50
172
156
144
41
3
160
142
171
193
200
144
133
31
195
174
101
64
59
122
26
109
101
108
165
47
25
154
186
195
66
199
91
57
116
112
60
2
27
45
152
66
66
86
177
59
138
130
90
195
139
146
115
10
10
98
41
122
98
64
129
79
149
172
51
54
128
93
99
171
138
120
100
99
186
187
159
162
9
41
148
179
31
190
22
1
166
145
94
200
48
36
106
180
80
126
190
76
142
174
92
44
156
71
95
22
63
35
191
40
78
155
177
130
150
151
153
18
77
155
141
176
106
176
154
6
128
30
81
71
37
170
34
62
157
44
123
10
185
107
188
189
103
69
139
110
194
90
68
198
5
19
94
191
169
95
34
25
6
129
164
144
75
72
196
62
103
87
94
100
38
88
92
3
182
116
86
116
128
55
73
182
148
95
145
146
7
161
199
97
197
143
182
67
48
25
42
55
8
115
112
29
103
111
146
199
75
185
169
49
193
173
126
6
176
145
135
130
152
80
196
136
30
81
141
97
18
112
189
20
114
39
61
121
119
101
161
155
24
140
118
116
158
48
136
153
119
75
134
120
119
114
3
26
177
32
114
35
38
143
96
108
145
106
118
196
140
146
173
7
124
80
143
4
10
90
165
69
131
147
86
191
85
16
172
200
81
89
88
198
40
133
145
34
8
111
105
17
4
134
42
109
147
164
133
54
70
60
174
74
171
36
152
30
112
186
41
26
184
37
151
95
76
10
189
22
36
191
182
158
71
172
51
14
45
105
40
56
108
42
115
124
117
154
12
151
158
14
85
160
132
105
164
81
125
153
87
59
113
84
91
43
28
196
90
45
153
53
105
77
42
115
57
28
73
2
77
26
198
47
166
133
96
78
162
168
83
52
167
127
21
79
167
18
1
164
41
181
84
152
169
149
9
197
11
8
137
144
125
172
74
16
23
17
88
180
162
196
155
166
19
131
163
178
140
8
84
44
103
15
31
47
180
47
78
110
60
38
173
141
39
49
142
19
11
195
68
73
108
72
192
107
182
53
159
23
46
159
70
104
51
113
28
40
179
150
87
130
27
46
132
56
14
60
137
192
134
188
115
153
125
83
102
102
67
168
141
88
138
85
100
160
9
150
85
109
58
148
48
119
199
188
104
20
107
194
71
11
94
162
169
53
89
136
149
49
86
95
32
174
13
110
139
129
142
97
72
21
126
188
114
57
178
147
186
72
192
5
166
58
4
118
192
59
47
185
91
198
71
106
173
143
131
76
65
87
135
121
62
66
102
108
171
19
197
67
73
36
134
113
45
175
11
17
13
49
128
167
1
38
156
59
6
178
69
124
194
32
104
159
167
117
11
97
61
2
15
159
157
141
88
