1
2
3
4
292
6
6457
8
9
10
11
5829
13
6379
9312
16
17
18
6636
20
21
2126
23
24
9225
26
6362
28
29
30
31
32
33
34
35
36
1144
38
39
40
1821
1190
43
44
45
46
1656
48
4331
50
51
6756
53
54
55
56
6812
58
59
8214
61
62
63
64
65
66
2636
68
69
70
2779
72
9624
2707
975
76
4142
78
5076
80
81
82
83
84
85
9293
87
88
89
90
91
92
93
8568
95
96
97
98
99
100
833
102
103
104
105
106
107
108
109
110
111
112
8832
884
2780
116
117
118
119
120
121
122
5659
124
125
126
127
128
9146
130
131
132
6147
378
135
136
137
138
139
140
141
142
143
4548
145
146
147
4808
149
150
151
152
153
154
155
156
7056
158
7613
160
161
162
163
164
165
7009
1734
168
169
170
171
172
173
174
175
176
177
178
179
180
181
2967
183
184
510
186
187
188
189
2213
191
192
193
194
195
196
197
9892
199
200
201
202
203
204
205
206
7827
208
209
210
3025
212
213
8383
215
216
217
218
9404
220
221
222
223
224
225
5703
227
1009
229
230
231
232
233
234
235
236
237
238
239
240
241
242
243
244
245
246
247
5259
6818
250
5042
3249
253
254
255
256
257
258
259
260
9287
262
263
264
265
266
267
4103
5180
270
271
272
273
7659
275
276
386
278
279
2875
281
282
283
284
9220
1375
2629
288
289
6277
291
3265
293
294
1103
296
297
298
299
300
301
5970
303
304
305
306
307
308
309
310
5332
4035
313
314
315
6031
317
318
319
320
321
322
323
6247
325
1473
327
328
3704
330
331
332
333
8592
335
336
337
6572
6178
340
341
4562
343
344
1907
346
8171
348
349
5773
5635
9950
353
354
355
356
6660
1524
359
360
361
6995
363
2648
6486
6161
367
368
369
370
371
372
3881
8456
375
5080
377
134
379
380
381
382
3900
384
385
277
387
9601
5747
390
391
392
393
394
9776
3166
6182
398
399
400
302
402
403
404
405
406
407
408
409
410
411
4692
413
414
415
416
417
7878
419
3588
421
422
423
424
425
426
427
428
6338
1921
431
432
433
434
435
4682
8463
438
439
9284
441
442
443
444
445
446
447
448
449
450
8464
7335
453
454
455
456
457
458
459
460
3858
462
463
464
465
466
467
468
469
470
1422
472
4217
474
475
476
2127
478
479
480
481
482
8576
7185
485
486
487
488
489
490
491
492
493
494
495
496
497
2143
499
2976
501
502
5933
8071
505
6455
1623
508
509
185
511
512
513
6736
515
516
517
518
519
520
521
6286
523
524
3414
526
527
1830
529
530
531
8387
2831
534
535
536
9619
538
539
540
541
542
543
544
2342
546
9495
8188
2109
550
2874
552
553
554
555
801
557
558
559
560
561
562
563
564
2048
566
6433
2571
3723
570
2712
572
573
6344
575
576
577
578
579
580
6734
582
583
584
585
9325
9813
4854
589
590
591
592
593
594
595
1496
597
8550
599
600
601
9788
603
604
605
606
607
608
609
9272
611
612
9915
1187
615
616
617
618
619
6553
621
622
623
624
625
626
6898
628
629
630
631
632
633
2148
4522
1930
637
638
639
640
641
642
643
644
645
4644
647
3556
5200
650
651
652
3846
8746
655
656
657
658
7005
660
661
2323
663
664
665
666
667
668
3667
670
2764
672
673
674
675
676
677
678
679
7922
681
682
867
684
1448
686
687
688
689
690
691
692
693
694
695
696
697
698
699
700
701
6851
703
704
705
706
707
9213
709
9112
711
712
713
7328
715
716
717
718
719
720
721
722
723
724
725
726
727
728
729
772
731
1730
733
734
735
736
737
738
8076
740
741
9257
743
744
745
746
747
748
749
750
2460
752
753
754
755
756
4660
8424
759
760
761
762
763
5568
765
766
767
768
769
770
771
730
773
774
4940
776
777
1755
779
780
781
782
783
5252
1750
786
787
1179
789
790
791
792
793
794
795
796
797
9890
799
800
1021
802
803
804
805
806
807
808
809
810
3631
7010
813
814
815
816
817
818
819
5792
821
822
823
824
825
826
827
9522
829
830
1607
832
101
834
3902
836
837
838
839
840
841
842
843
844
3163
846
847
848
849
850
851
852
7497
6993
855
856
857
5860
6877
860
861
862
863
864
865
866
683
6752
869
870
7732
7327
873
7968
4896
876
877
878
879
880
5197
882
4247
6966
885
886
887
888
889
890
891
892
893
894
895
896
6621
8895
5231
900
7997
7883
9743
904
905
8329
907
908
909
910
911
912
913
4798
915
916
917
918
919
920
921
8470
4463
924
925
926
927
928
5132
930
931
932
933
934
935
936
6976
938
939
940
941
942
943
2035
945
946
947
948
949
950
951
952
953
954
5314
956
957
958
3192
9886
2517
6418
963
964
965
966
967
2392
969
1920
971
972
973
974
75
976
977
978
979
980
981
982
983
8185
7881
986
987
988
989
990
991
71
993
994
995
996
997
998
999
1000
1001
1675
1003
1004
1005
1006
9266
1008
7936
1010
8597
1012
1013
1014
1015
1016
1017
1018
1019
1020
556
1022
1023
1024
1025
1026
1027
6554
2594
1030
1031
9180
1033
4368
4597
1036
1037
1038
1039
1040
1041
1042
1043
1044
1045
1046
1047
1048
1049
1556
1051
1052
6561
1054
1055
1056
6023
1058
1059
1060
1061
1062
1063
1064
1065
1066
1067
1068
3814
1070
1071
1072
8835
1228
1075
1076
1077
1078
3493
1080
1081
1082
2482
6600
1085
1086
1087
1088
1089
1090
1091
1092
1093
5520
1095
1096
1097
1098
1099
8690
1101
1102
295
1104
1105
1106
1107
1108
1109
1110
1111
1112
4531
1114
2011
9831
1117
286
1119
1120
1121
1122
2200
1124
5942
1126
1127
1128
1129
1130
1131
1132
1133
1134
1135
757
1137
1138
1139
1140
1141
8168
1143
37
1145
9224
1147
1148
1149
1150
1151
1152
9637
1154
1155
1156
1157
1158
2422
1160
1161
1162
1163
1164
7965
347
1167
1168
1169
1170
1171
9117
1173
1218
1175
1176
1177
2368
6449
1180
1181
1182
1183
1184
1185
1186
614
2159
7992
7078
1191
1192
1193
8529
1195
1643
5247
1960
1199
1200
6785
1202
1203
1204
1205
1206
2782
1208
1209
1210
1211
2180
1335
2485
1215
8296
1217
1174
1219
1220
7237
1222
1223
1224
1225
1226
1227
6383
1229
1230
1232
1231
1233
1234
1235
1236
1237
1238
1239
1240
1241
1242
1243
1244
2304
1246
1247
3500
1956
1250
1251
2255
1253
7882
1255
1256
1257
6759
1259
1260
1261
9944
1263
1264
4280
1266
1267
1268
1269
1270
1271
7967
1273
5420
9618
1276
1277
1278
1279
1280
1281
8977
1283
1284
1285
1286
1287
345
1289
2658
1291
1292
1293
1294
1295
1296
1297
1298
1299
2755
1301
1302
1303
1304
1305
1306
1307
1308
1309
1310
1311
1312
1313
1314
1315
1316
1317
1318
9741
1320
1321
6964
3178
1324
9503
1326
7612
1328
1570
1330
1331
4337
1333
1334
1213
1336
1337
1338
1339
1340
3237
1342
1343
1344
1345
1346
1347
1348
1349
9218
1351
1352
1353
7696
1355
5367
1357
3501
1359
4943
3042
1362
1363
1364
3676
1366
1367
1368
159
1370
1371
1372
1373
1374
1118
1376
1377
8769
1379
9239
1381
1382
1383
1384
1385
6301
1387
1388
1389
1390
1391
1392
1393
1394
1395
1822
1397
1398
1399
1400
1401
1402
1403
1404
1405
1406
1407
1408
1409
1410
1411
569
1413
1414
1415
9383
1417
1418
1419
1420
1421
3733
1423
5790
1425
1426
2523
1428
1429
1430
1431
2440
1433
1434
1435
2829
1437
1438
1439
1440
1441
1442
1443
1444
1445
1446
9759
9113
1449
8518
1451
1452
1453
1454
1455
1456
1457
1458
1459
1460
1461
1462
1463
1464
4429
1466
1467
1468
2608
1470
1471
1472
326
1474
1846
1476
1477
1478
1479
4499
1481
1482
1483
1484
5306
8306
1629
1488
1489
3480
1491
1492
7770
1494
1495
596
1497
1498
1499
1500
1501
1502
1503
1504
1505
8046
1507
1508
1509
1510
1511
1512
1513
1514
1515
1668
1517
1518
1519
1520
4234
1522
1523
358
7553
1526
6633
1528
6649
1530
1531
1532
1533
1534
1535
1536
5451
1909
6683
1540
1541
1542
1543
1544
1545
1546
1547
1548
2745
1550
1551
4421
1553
1554
6518
1050
5196
1558
1559
1560
1561
1562
1563
2704
1565
1566
1567
1568
1569
1329
1571
4342
1573
1574
1575
1576
4642
1578
1579
1580
1581
1582
1583
5310
1585
1354
1587
1588
1589
1590
1591
9244
4640
1028
1595
6101
1597
7248
1599
3346
8601
6658
1978
1604
1605
1606
9659
1608
1609
1610
1611
1612
1613
9479
1615
1616
1617
1618
1619
6881
9514
1622
507
1624
1625
1626
1627
9034
1487
1630
1631
1632
1633
1634
1635
1636
1637
1638
1639
1640
1641
1642
1196
1644
1645
1646
1647
1648
1649
1650
1651
1652
1653
8957
1655
47
9836
1658
9230
1660
1661
5426
1663
732
1665
1666
1667
6245
1669
6624
1671
1672
9229
1674
1002
1676
2134
1592
1679
1680
2513
1682
6498
7303
1685
8026
1687
1688
8194
1690
1691
1692
1693
1694
1695
4868
1697
1698
1699
1700
1701
1702
3636
5098
613
1706
2407
1708
1709
1710
8186
1712
2555
1714
1715
1716
6816
8903
3551
1720
1721
1722
6824
52
1725
5594
1727
1728
1729
1711
9216
1732
1733
8834
1735
1736
1737
6126
1739
1740
1741
1742
1743
1744
1745
2522
1747
1748
1749
785
2990
1752
1753
1754
778
3817
1757
1758
1759
1760
1761
1762
1763
1764
1765
9924
1767
5974
1769
1770
1771
1772
1773
1774
1775
9419
1777
1778
1779
1780
3958
1782
1783
1784
6628
1786
1787
1788
1789
1790
2177
1792
7761
1794
1795
5289
1797
1798
1799
1800
1801
1802
1803
9923
1805
1806
1807
1808
4171
1810
1811
1812
1813
1814
1815
1816
1817
1818
1819
1820
8523
1396
1823
1824
1825
1826
1827
1828
1829
8073
5410
1832
9579
1834
1835
9725
1837
1838
1839
1840
1841
1842
1843
1844
1845
1475
1847
1848
1849
1850
1851
1852
1853
3241
1855
7382
1857
1858
3943
1860
1861
1862
1863
1864
3445
1866
9687
1868
1869
2783
1871
1872
1873
1874
9951
1876
1877
1878
1879
5525
1881
1882
1883
1884
1885
1886
7064
6802
1889
2823
1891
1892
2526
1073
2160
1896
8284
1898
1899
1900
1901
1902
1903
1904
9364
5516
2606
1908
6234
1910
1911
1912
1913
1914
1915
5752
8238
1918
1919
970
430
2238
4741
1924
1925
1926
1927
4928
1929
636
1931
1932
6309
4945
1935
1936
1937
1938
1939
1940
6346
9199
1943
1944
1945
1946
1947
1948
8817
1950
1951
1952
1953
1954
1955
2987
1957
1958
1993
1198
1961
1962
1963
1964
1965
5755
1967
1968
3047
2825
2850
1972
1973
1974
1975
1976
1977
5293
7525
4404
1981
9641
1983
1984
1985
1986
1987
3596
1989
1990
1991
1992
1959
1994
1995
1996
1997
6644
1999
2000
2001
2002
5408
2004
2005
2006
2007
2008
2009
2010
1115
2012
2013
2014
2015
2016
2017
2018
2019
7443
2021
2022
2854
2024
2025
2026
2027
2028
2029
7281
2031
2032
1136
5671
3655
2036
2037
3262
2039
2040
2041
2042
2043
2044
2045
2046
2047
565
2049
8726
2051
2052
4518
2054
2055
9310
2057
2058
3918
2060
4857
2062
3217
2064
2065
2066
2067
2068
2069
3024
5911
2072
2073
6884
2075
2076
2077
2078
2079
9259
2081
2082
2083
2084
6533
6026
9111
2088
2089
2090
2091
2092
7354
2094
6883
2096
2097
5636
2099
324
2101
2102
2103
2104
2105
4643
2107
2108
549
2110
2111
2112
2113
2114
2115
5352
7864
2118
2119
7658
5258
1726
775
2124
2125
22
477
7533
2129
2130
2131
2132
2133
7251
6689
2136
2137
2138
2139
2140
2141
2142
498
2144
8608
2146
2147
634
6380
2150
2151
2152
2153
8439
2155
2156
2157
2158
1188
1895
2161
2162
2163
8886
2165
2166
2167
4537
2169
2170
2171
2172
2173
2174
2175
2176
1791
2178
2179
1212
6029
9902
2183
2184
2185
2186
2187
1804
2189
2190
2818
2192
8573
366
2195
2196
4987
2198
2199
1123
2201
2202
2203
3856
2205
2206
2207
2208
3064
6495
2211
9939
7086
2214
2215
2216
2217
4009
2219
2220
7240
2222
2223
2224
2225
2226
8319
2228
2229
2230
2231
2232
7964
2234
2235
2236
2237
1922
3121
2240
2241
2242
2243
2244
2245
7911
2247
2248
2249
8926
2251
2252
2253
9861
1252
2256
2257
2258
2259
2260
8779
2262
2263
5710
2265
2266
2267
2268
2269
2270
2271
6053
2273
2274
2275
2276
2277
2278
2279
1980
2281
2282
2283
6757
7108
2286
4753
2288
2289
2290
8563
2292
2293
2294
2295
2296
2297
2298
2299
2300
2301
2302
2303
1245
2305
2306
9467
2308
2816
2310
2311
2312
2313
2314
2315
2316
2317
2318
6666
7495
2321
2322
662
2324
2325
2326
2327
2328
2329
2330
9426
2332
4639
2334
2335
2336
2337
2338
2339
8488
2341
545
4782
2344
2345
7036
2347
4833
2349
2350
2351
2352
2353
8293
2355
2356
2357
2358
2359
2360
2361
7339
2363
2916
3280
2366
2367
1178
2369
2370
2371
2372
2373
2374
2375
2376
2377
2378
2379
2380
2381
2382
2383
2384
6274
2386
2387
2388
2389
2390
2391
6208
2393
2394
2395
2396
2397
2398
2399
2400
2401
2402
2403
2404
2405
2406
4737
2408
2409
2410
2411
2412
2413
3920
2415
2416
3887
2418
2419
5526
3751
2671
2423
2424
2425
7888
2427
2428
2429
2430
3820
2432
2433
2365
2435
2436
6165
2438
2439
4609
2441
2442
2443
2444
2445
8691
2447
2448
2556
2450
2451
2452
9507
2454
3773
2456
9676
2458
2617
751
2461
2462
2463
9838
2465
8336
2467
3600
2469
2470
6454
2472
2473
57
2475
2476
2477
2480
2479
2478
2481
1083
2483
4883
1214
2486
2487
4620
654
2490
2491
2492
2493
3034
4820
2496
2497
2498
2499
2500
2501
2502
2503
2504
7714
2506
2507
2508
2509
5004
2511
2512
1681
2514
2515
2516
961
3948
2519
2520
2521
1746
3718
2524
2525
3160
2527
9251
2529
2530
2531
2532
2533
2534
2535
7410
5969
6458
2539
2540
2541
2542
2543
3678
2545
2546
2547
2548
2549
2550
2551
2552
2553
2554
1713
2449
2557
2558
2559
2560
2561
2562
2563
2564
397
2566
2567
2914
8428
8410
4603
2572
2573
2574
2575
2576
2577
2578
2579
2580
129
4166
2583
1254
2585
5787
2587
2588
2589
2590
2591
2592
2593
1029
2595
2596
2597
3095
2599
2600
2601
2602
2603
2604
6718
1288
2607
3694
2609
2610
2611
8044
2613
2614
2615
2616
2459
2618
2619
2620
6674
2622
2623
2624
1100
5245
2627
2628
4019
2630
2631
2632
2633
2634
6571
364
2637
2638
2639
2640
2641
2642
8429
2644
2645
2646
9332
67
2649
2650
2651
2652
1916
2654
2655
2656
2657
5217
2659
2660
2661
2662
2663
2664
3825
2666
2667
2668
2669
2670
1159
2672
2673
2674
7708
2676
2677
4423
2679
2680
2681
2682
2683
2684
2685
2686
2687
2688
2689
2690
2945
2692
2693
2694
3127
2696
7347
2698
8193
2700
2701
2702
2703
1564
2705
3843
74
2708
1875
9010
2711
7660
2713
4888
8852
2716
2717
2718
2719
6394
2721
6501
2723
2724
2725
2726
2727
9558
2729
2730
2731
2732
2733
2734
2735
2736
2737
2738
9480
2740
2741
2742
2743
2744
1549
2746
2747
2821
5656
3855
7278
2752
2753
2754
1300
2756
2757
2758
2759
2760
2761
2762
2763
671
2765
2766
2767
2768
2769
2770
6746
2772
2773
2774
2775
2776
2777
388
992
352
2781
4411
1870
2784
2785
2786
2787
2788
2789
2790
2791
2792
2793
2794
2795
2796
8327
2798
2799
2800
2801
2802
2803
2804
2805
4317
2807
7127
2809
2810
8539
2812
2813
2814
3276
3897
1577
2191
8030
2820
2748
2822
1890
2824
8162
6754
2827
2828
8260
2830
533
2832
6886
8252
2835
2836
2837
2838
2839
2840
2841
8630
2843
2844
8480
2846
3511
8500
2849
1971
2851
2852
2853
2023
2855
2856
2857
2858
2859
3935
2861
2862
9198
2864
2865
2866
2867
2868
2869
2870
3924
2872
2873
551
280
2876
2877
2878
2879
2880
5678
3652
2883
8023
2885
2886
2887
2888
2889
2890
7515
2892
2893
2894
2895
9820
2897
9656
2899
2900
2901
2902
2903
2904
5882
2906
2907
2908
2909
2910
2911
2912
7428
2568
2915
2364
2917
2918
5050
2920
5280
2922
2923
2924
2925
2291
2927
8543
8517
3818
2931
2932
2933
2934
3871
2936
2937
2938
9147
5136
2941
2417
2943
2944
4840
2946
4602
2948
2949
2950
2951
2952
2953
2954
2955
2956
5739
2958
2959
2960
2961
2962
5862
2964
2965
8358
9190
1678
2969
2970
1796
2972
2973
2974
2975
500
2977
2978
5244
2980
2981
2982
2983
1416
2985
2986
1249
2988
2989
1751
2991
2992
2993
2994
2995
2996
2997
2998
2999
3000
3001
3002
3003
3004
8484
3006
3007
3008
3009
3010
3011
3012
3013
3014
3015
3016
8096
3018
3019
3020
3021
3022
7704
7343
7373
3026
5915
3028
3029
3030
3031
7187
3033
2494
3035
3036
3037
3038
3039
6088
3041
7174
3043
7158
3045
3046
6108
3048
1194
3050
3051
1079
6403
3054
3055
3056
3057
3058
3059
8060
3061
3062
5664
2984
3065
1859
3067
3068
3069
3070
3071
3072
3073
3074
3075
3076
3077
5373
3079
3080
3081
3082
3083
3084
8275
3086
3087
8411
3089
3090
3091
3092
3093
3094
2598
3096
3097
9271
3099
3100
3101
3102
3103
3104
3105
3106
3107
831
3109
9252
3111
3112
3113
3114
3115
3116
3117
49
3119
3120
9673
3122
3123
3124
3505
7663
2695
3128
3129
9738
3131
3132
3133
3134
3135
3136
3137
8618
3139
3140
3141
4105
3143
9513
3145
3146
3147
3148
3149
3150
3151
3610
3153
3154
3155
3156
3157
3158
3159
1893
3161
3162
845
3164
3165
396
3167
3168
3169
6528
3171
3172
3173
9023
3175
3176
3177
1323
4420
3180
3181
3182
3183
4927
3185
3186
3980
3188
6256
3190
3191
959
3193
3194
3195
5393
3197
3198
3199
3200
3201
3202
7330
6582
8337
3206
8516
3208
3209
3210
3211
3212
3213
3214
3215
7486
2063
5893
3219
3220
3221
3222
3223
3224
4803
3226
3227
3228
3229
3230
3231
5699
3233
3234
3235
3236
8375
3238
3239
3240
1854
3242
3243
3244
3245
3246
3247
3248
2882
3250
3251
3252
3253
3254
3255
3256
3257
3258
3259
3260
3261
1888
3263
3264
5
3266
3267
5720
3269
3270
3271
3272
853
6065
3275
8577
3277
3278
3279
2434
3281
5204
3283
3284
3285
3286
3287
3288
3289
3974
3291
3292
3293
3294
4324
3296
3297
3298
9576
3300
3301
3302
3303
3304
5719
3306
8465
3308
3309
3310
3311
3312
3313
3314
3315
3316
3317
3318
3319
3320
4211
3322
3323
3324
8811
3326
3327
3328
3329
3330
3331
3332
3333
8036
3335
5128
3337
3338
3339
3340
3341
3342
4240
3344
3345
3517
3347
3348
3349
3350
3351
7971
3353
3354
3355
3356
3357
3358
3359
4880
6593
3196
1738
3364
3365
3366
3367
3368
3369
9076
5028
3372
7162
3374
3375
3376
3377
5183
3379
3380
3381
3382
3383
3384
3385
3386
3387
3388
3389
3390
3391
3392
3393
3394
4020
3396
3397
3398
3399
3400
3401
3402
3403
3404
3405
3406
3407
3408
5433
3410
3411
3412
3413
525
3415
3416
3417
9154
3419
3420
3421
3422
3423
3424
3425
3426
3427
708
3429
3430
3431
3432
3433
3434
3435
3436
3437
2466
3439
3440
3441
3442
7424
3444
4387
3446
3447
3448
3449
3450
3451
3452
3453
9005
4729
3456
3457
4117
3459
3460
3461
3462
5137
3464
3465
3466
3467
3468
3469
3470
3471
3472
9134
9783
3475
3476
3477
3478
3479
1490
3481
3482
3483
3484
3485
3486
3487
3488
3489
3490
3491
3492
3052
588
3495
3496
3497
3498
3499
1248
1358
3502
3503
5494
4073
3506
9938
3508
3509
9452
2847
5715
6386
3514
3515
3516
6235
3518
3519
3520
3521
3522
3523
3524
3525
3526
6450
8959
3529
3530
3531
3532
3533
3534
3535
3536
3537
3538
3539
3540
3541
3542
3543
3544
3545
9801
3547
3548
3549
3550
1719
3552
3553
4977
3555
8956
3557
9454
3559
3560
3561
3562
3563
7929
6745
3566
3567
3568
8449
3570
3571
5390
3573
3574
3575
3576
3577
8689
3579
3580
3581
8905
3583
3584
3585
3586
3587
420
3589
3590
3591
3592
3593
3594
8286
1988
3597
3598
3599
2468
3601
3602
3603
3604
3605
9971
3607
944
3609
3152
3611
3612
3613
6858
3615
3616
1766
3618
3619
8121
3621
3622
3623
3624
3625
3626
3627
3628
3629
3630
811
3632
3633
5558
3635
7682
4524
3638
3639
3640
3641
3642
3643
4446
3645
3646
3647
3648
9306
3650
3651
252
1506
9362
3608
3656
3657
3658
3659
3660
3661
3662
3663
3664
3665
3666
669
3668
3669
3670
3671
3672
3673
3674
3675
1365
3677
2544
3679
5256
3681
3682
3683
9491
6667
3686
4610
3688
3689
3690
3691
3692
3693
1469
6304
3696
3697
3698
3699
3700
3701
3702
6167
329
3705
3706
8602
3708
3709
3710
3711
4119
3713
4434
3715
3716
3832
7489
6801
3720
4767
3722
4901
3724
207
3726
3727
3728
9427
3730
3731
3732
471
3734
5475
3736
3737
3738
3739
3740
3741
8074
3743
3744
3745
3746
3747
3748
6707
3750
2421
5359
3753
6350
3755
3756
3757
3758
3759
3760
3761
3762
4510
3764
3765
3766
8253
3768
3769
3770
3771
3772
6882
3774
3775
3776
3777
3778
1057
3780
3781
3782
3783
3784
3785
3786
3787
9957
9595
7458
3791
2581
3793
3794
3795
3796
3797
3798
3799
3800
8950
3802
3803
4476
3805
3806
3807
3808
3809
3810
3811
3812
3813
1069
3815
3816
1756
1602
3819
8719
3821
3822
3823
3824
2665
3826
3827
3828
5481
3830
7219
3717
3833
3834
3835
3836
3837
3838
3839
3840
3841
5602
2706
3844
3845
6930
3847
3848
3849
3850
7879
3852
3853
3854
2750
2204
3857
7059
3859
3860
3861
3862
903
3864
3865
3866
3867
3868
3869
3870
9385
2320
8175
3874
3875
3876
3877
3878
3879
3880
6447
3882
6440
7093
3885
3886
2942
3888
7042
3890
3891
8801
3040
3894
3895
3896
2309
3898
3899
8968
6890
835
3903
3904
3905
3906
3907
5672
3909
3910
3911
4005
3913
3914
9771
3916
3917
8120
3919
2414
3921
9043
3923
2871
3925
3926
3927
3928
3929
7608
3931
3932
3933
3934
2860
3936
3937
4794
3939
3940
4998
3942
3066
316
6638
6823
3947
7338
3949
3950
3951
3952
3953
3954
3955
3956
3957
6906
3959
3960
3961
6641
7927
3964
3965
3966
3967
3968
3969
3970
3971
3972
3973
3290
3975
3976
3977
3978
3979
3187
3981
9473
3983
3984
3985
3986
3987
3988
6797
3990
5193
3992
3993
3994
8325
3996
3997
9062
3999
4000
4001
4002
4003
4004
3912
4006
4007
4008
2218
4010
4011
4012
4013
4014
4015
3268
4017
4018
287
8837
4021
4022
4023
5305
9870
1731
4027
5321
9974
228
4031
4032
4033
4034
312
4036
4037
7544
4039
4040
4041
4042
7201
4044
4045
4046
4047
4048
4049
4050
4051
4052
5596
4054
4055
4056
5019
4058
4059
4060
4547
4062
8003
6789
4065
4066
8763
4068
4069
4070
4071
4072
3125
5578
4075
4076
4077
4078
7353
4080
5785
4082
311
4084
4085
4086
4087
4088
4089
4090
376
4092
4093
4094
4095
4096
4097
4098
4099
4100
4101
4102
268
5941
3142
4106
9596
4108
4109
4110
4111
4112
4113
4114
4115
4116
8521
4118
3712
6262
4121
4122
9772
4124
4125
4126
4127
4128
4129
4130
4131
4132
4133
4134
4135
4136
4137
8132
4139
4140
4141
7758
4143
4144
4145
4146
4147
4148
4149
4150
4151
4152
4153
4154
4155
9421
4157
4158
7395
4160
4161
4162
4163
9118
4165
2582
8668
4168
4169
7242
1809
4172
4173
4174
4175
4176
4177
4178
4179
4180
4181
4182
4183
4184
4185
4186
4187
5965
4189
4190
4191
4192
646
4194
4195
4196
4197
5832
4199
4200
4201
2935
4203
4204
4205
4206
4207
4208
4209
5166
1557
4212
4213
4214
4215
4216
473
4218
4219
113
4221
9714
4223
4224
4225
6515
4227
4228
4229
4230
4231
4232
4233
1521
4235
4236
4237
4238
4239
7309
6074
4242
4243
4244
4245
9926
883
4248
9349
4250
8200
4252
4253
4254
4255
4256
4257
4258
4259
4260
4261
4262
4263
8166
4265
4266
4267
4595
4269
8236
4271
4272
4273
8804
4275
4276
4277
4278
9144
1265
4281
4282
4283
4284
4285
6739
4287
4288
4557
4290
4402
4292
4293
4294
4295
4296
4297
4298
4299
1659
8544
4302
4303
4123
4305
4306
6503
4308
4309
4310
4311
4312
4313
6992
4315
7145
2806
4318
4319
4320
4321
4322
4323
3295
4325
4326
4327
4328
4329
4330
742
4332
4333
4334
4335
4336
1332
4338
4339
4340
4341
4905
4343
5846
4345
4346
4347
4348
166
9553
4351
4352
4353
4354
4355
4356
4357
4358
4388
4360
4361
9828
4363
5062
8788
4366
4367
9504
4369
4370
4371
4372
4373
8211
4375
4376
4377
4378
4379
4380
4381
4382
4383
4384
4385
4386
1865
7377
4389
4390
4391
4392
4393
4394
4395
5364
4397
4398
4399
9755
4401
4291
4403
2385
4405
4406
4563
4408
4409
4410
1207
4412
4413
4414
4415
4416
4417
4418
4419
3179
9282
4422
2678
4424
4425
4426
4427
4686
1465
4430
4431
4432
8161
3714
4435
4436
4437
4438
4439
4440
4441
4442
2457
9171
4445
3644
4447
5057
4449
4450
4451
4720
4453
4454
1216
4456
4457
4458
4459
4460
4461
4462
923
4464
4465
4466
4467
4468
2919
4470
8251
6532
4473
4474
4475
3804
4477
6985
4479
4480
4481
7089
4483
4484
4485
4486
452
4488
4489
4490
1768
4492
4493
5670
902
4496
4497
4498
5540
4500
4501
8526
4503
4504
4505
4506
5638
4508
4509
7746
4511
4512
6879
4514
4515
4516
4517
9965
4519
4520
4521
635
4523
3637
4525
4526
4527
4528
4529
4530
1113
4532
4533
4534
4535
4536
2181
4538
4539
4540
4541
4542
4543
4544
4545
4546
4061
144
4549
8235
4551
4552
4553
4575
4555
4556
4289
4558
4559
3494
4561
86
4407
4564
4565
4566
4567
4568
4569
4570
4571
4572
6213
4574
4554
4576
4577
4578
4579
8328
4581
4582
4583
4584
4585
4586
4587
4588
1436
4590
4591
5300
3053
4594
4268
4596
1035
4598
4599
4600
4601
2947
5981
8452
4605
4606
4607
6714
1432
7933
9630
4612
4613
4614
7360
3915
4617
4618
4619
2488
4621
4784
4623
4624
4625
4626
4627
7170
4629
4630
4631
4632
4633
4634
4635
4636
4637
4638
2333
1593
4641
2817
7507
4193
5346
8795
5093
4648
4649
5800
4651
4652
9586
4654
9521
4656
7803
4658
4659
9412
5910
6387
4663
4664
4665
4666
4667
4668
4669
4670
4671
4672
4673
4674
4675
4676
1361
4678
8982
4680
4681
9036
4683
4684
4685
4428
4687
4688
4689
4690
4691
9524
4693
4694
4695
4696
4697
4698
4699
4700
4701
4702
4703
4704
4705
4706
4707
4708
4709
4710
4711
4210
4713
4714
4715
4716
4717
4718
4719
4452
4721
4722
4723
4724
1525
4726
4727
4728
3455
4730
2193
5585
4733
4734
4735
4736
1707
4738
4739
4740
1923
4742
4743
4744
7765
4746
4747
4748
4749
4750
7399
4752
2287
528
4755
4756
8245
8519
4759
4760
4761
4762
4763
4764
4765
4766
3721
4768
4769
4770
4771
4772
4773
4774
4775
4776
7280
4778
4779
5845
4781
2343
4783
4622
4785
4786
4787
4788
4789
4790
4791
4792
7083
3938
4795
4796
418
914
4799
4800
8541
4802
9847
6007
4805
4806
4807
148
4809
4810
4811
4812
4813
4814
4815
4816
4817
6893
4819
2495
3504
6933
7492
4824
4825
4826
4827
4828
4829
4830
4831
4832
2348
4834
4835
4836
4837
4838
4839
2691
4841
4842
4843
4844
4845
4846
4847
4848
4849
4850
4851
4852
4853
4560
4855
4856
2061
4858
4859
4860
4861
4862
4863
4864
4865
4866
4867
1696
4869
4870
4906
4872
4873
4874
4875
4876
8419
9940
4879
8671
574
4882
2484
9857
5811
4886
4887
2714
4889
4890
4891
4892
4893
4894
4895
875
4897
4898
4899
4900
1412
4902
4903
4904
9004
7826
4907
4908
4909
4910
6353
4912
4913
4914
4915
4916
4917
4918
4919
4920
4921
4922
4923
1594
7639
4926
5743
7943
4929
4930
9633
4932
4933
4934
4935
4936
4937
4938
4939
5177
4941
4942
1360
4944
1934
4946
4947
4948
5037
4950
4951
3032
4953
4954
4955
1705
4957
4958
4959
4960
4961
4962
4963
4964
9978
4966
4967
9428
4969
4970
4971
4972
4973
4974
4975
4976
3554
4978
4979
4980
4981
4982
4983
4984
4985
4986
8309
4988
4989
4990
4991
4992
4993
5652
4995
4996
4997
3941
4999
5000
5001
5002
5003
2510
5005
5006
5007
7210
5009
5010
5011
5012
5013
5014
5015
5016
5017
5018
4057
5020
5021
5022
5023
5024
5025
5892
5027
3371
8631
5030
5031
5032
5033
5034
5035
5036
4949
5038
5039
5040
5041
251
5043
6836
5045
1867
5047
5048
5619
6835
5051
5052
5053
5054
8728
5056
4448
5058
5059
5060
5061
4364
5063
5064
5065
5066
8793
9055
5069
5070
5071
5072
5073
5074
7317
79
5077
5078
5079
6398
504
8953
5083
5084
5085
5086
5087
5088
5089
5155
5091
5092
4647
5094
5095
5096
9121
1704
5099
5100
5101
5102
5103
5104
5105
5106
5107
2053
7378
5110
5111
5112
5113
5114
5115
1928
5117
5118
5119
5120
5121
5250
8552
5124
6037
6254
5127
3336
5129
9533
5131
929
8292
5134
5135
2940
5569
7469
5139
5140
6928
5142
5143
5144
5145
5146
5147
5148
5149
5150
906
5152
5153
5154
5090
5156
5157
7979
5159
5160
5161
5162
5163
5164
5165
2056
5167
5168
9107
5170
5171
5172
5173
5458
5175
5176
2123
5178
5179
269
5181
5182
3378
5184
5185
5186
5187
7777
5189
5190
5191
5192
3991
5194
5195
3321
881
6415
5199
649
5201
5202
5379
3282
5205
5206
5207
5208
5209
5210
5211
5212
5213
5214
5615
5216
1290
5218
5219
5220
5221
5222
5223
5224
5225
9603
5227
6673
7035
5230
899
5232
9566
7232
5235
5236
5237
5238
5239
5240
5241
5242
5243
2979
2626
5246
6657
5248
5249
5122
7106
5337
5253
5254
5255
3680
5257
2121
248
5260
5261
5262
4156
5264
5265
5266
5267
5268
5269
5270
1970
5272
5273
5274
5275
5276
5277
5278
5279
2921
5281
5282
5283
5284
9858
5286
5287
5288
2971
5290
5291
5292
1603
5294
5295
5296
5835
5298
3892
4592
5301
5302
5303
5304
4024
1485
5307
5308
6735
1584
9518
5312
5313
955
5315
5316
5317
5318
5319
5320
4028
5322
5323
5324
5325
5326
5327
5328
5329
5330
5331
8894
7517
5334
5335
5385
784
5338
5339
8745
6540
5342
5343
5344
5345
4645
5347
5348
9368
5350
5351
2116
5353
5354
8140
5356
5357
9275
3752
5360
5361
5362
5363
4396
5365
7217
2168
9273
5369
5370
5371
5372
6603
5374
5375
5376
9414
6265
7891
3325
5381
5382
5383
5384
5336
5386
5387
5388
5389
3572
5391
5392
3362
5394
5395
7849
7668
5398
5399
5400
5401
5402
5403
5607
5405
5406
5407
2003
5409
1831
5411
6820
5413
5414
5415
5416
5417
5418
5419
1274
5421
5422
5423
374
5425
1662
5427
6164
5429
5430
5431
5432
3409
5434
5435
5436
5437
5438
5439
5440
5441
5442
5443
5444
5445
5446
5447
5448
5449
5450
5947
6114
5453
5454
5455
5456
5457
5174
9863
5460
5461
5462
9832
5721
5465
5466
5467
5468
8420
5470
5471
5472
5473
5474
3735
5476
5477
5478
6395
5480
3829
5482
5483
6193
5485
5486
8315
5488
8611
5490
5491
5492
5493
6294
5495
5496
8158
5498
5499
5500
5501
5502
5503
5504
5505
5506
5507
5508
5509
5510
5511
5512
5513
5514
5515
1906
5517
5518
5519
3889
5521
5522
5523
5524
1880
9975
5527
5528
5529
5530
5531
5532
5533
5534
5535
3565
5537
5538
5539
2033
5541
5542
9609
5544
5545
5546
5547
5548
5549
5550
5551
5552
5553
5554
5555
5556
8735
3634
5559
5560
5561
5562
5563
5564
7784
5566
9528
8032
3463
5570
5571
5572
5577
5574
5575
5576
5573
4074
8612
5580
5536
8289
5583
5584
6162
5586
5587
5588
5589
5590
5591
5592
5593
2122
5595
4053
5597
5598
5599
1529
5601
8615
5603
5604
5605
6479
5404
5608
5609
5610
5611
5612
5613
5614
5215
5616
5617
5618
5049
5198
6203
5622
5623
5624
5625
5626
4801
5628
5629
5630
5631
5632
5633
5634
351
2098
5637
7523
5639
5640
5641
1493
5643
9260
5645
5646
5647
5648
5649
5650
5651
4994
5653
5654
6659
8024
5657
5658
123
5660
5661
5662
5663
3063
5665
6170
5667
5668
5669
4494
2034
2071
5673
5674
5675
5676
5677
2881
5679
9841
5681
5682
5683
5684
5685
5686
5687
5688
5689
5690
5691
5692
5693
5694
5695
5696
5697
5698
3232
5700
5701
5702
226
5704
5705
5706
5707
5708
5709
8122
5711
5712
5713
5714
3512
5716
5717
5718
3305
4016
5464
5722
5723
5724
5725
5726
5727
5728
5729
5730
5731
5732
5733
5734
5735
5736
5737
5738
2957
5740
9991
5742
3184
5744
5745
8675
7956
9234
5749
3395
5751
2653
5753
5754
1966
6060
5757
5758
5759
9078
5761
5935
5763
5764
7954
5766
5767
5768
5769
5770
5771
5772
9127
5774
5775
5776
5777
5778
5779
7021
5781
5782
5783
5784
4081
5786
2586
5788
5789
1424
5791
820
5793
5794
8791
7597
5797
3863
5799
3203
5801
9374
5803
5804
5805
6153
5807
6311
5809
5810
4885
2621
5813
5814
5815
5816
5817
5818
5819
5820
5821
5822
5823
5824
5825
6180
5827
7277
12
5830
5831
6551
5833
5834
5297
5836
5837
5838
5839
5840
5841
5842
5843
5844
4780
4344
5847
5848
1979
5850
5851
5852
5853
5854
5855
7412
5857
5858
5859
858
9035
2963
5863
5864
5865
5866
5867
5868
5869
5870
5871
5872
5873
5874
5875
5876
5877
8365
5879
5880
5881
2905
5883
5884
5885
5886
5887
5888
5889
5890
5891
5026
3218
8625
5895
5896
5897
5898
5899
5900
9396
5902
5903
5904
5905
9389
5907
5908
5909
4661
3908
5912
5913
5914
3027
5916
5917
5918
5919
5920
5921
5922
5923
5924
5925
5926
5927
5928
8744
5930
5931
5932
503
5934
5762
5936
5937
5938
5939
5940
4104
1125
5943
5944
5945
9222
1537
5948
5949
8317
5951
5952
5953
5954
5955
5956
5957
5958
5959
5960
5961
5962
5963
5964
4188
5966
5967
9179
2537
401
5971
5972
5973
9701
8318
5976
7104
5978
5979
5980
568
7224
5983
5984
5985
5986
5987
5988
8020
5990
5991
6159
5993
5994
5995
6470
5997
5998
5999
6000
1341
4365
6003
6004
6005
6006
4804
6008
6009
6010
6011
6012
8039
7431
6015
6016
6017
6018
6019
6020
6021
6022
3779
6024
6025
6967
6027
6028
1356
6030
9052
6032
8906
6034
6035
6036
5125
8471
6039
6040
6041
6042
6043
6044
6045
6046
6047
8995
6049
6050
6051
6052
2272
6054
6055
6056
6057
6058
6059
5756
6061
5169
6063
9555
3274
6066
8179
6068
6069
6070
6071
6072
6073
4241
6075
6076
6077
6078
6079
6080
6081
6082
6083
6084
6085
6086
6087
3893
8176
9930
6091
6092
6093
6094
6095
6096
6097
6098
6099
6100
1596
6102
6103
6104
6105
6106
6107
1969
6109
6110
6111
6112
6113
5452
6115
6116
6117
6118
6119
6120
6121
6122
6123
6124
6125
9200
6127
6128
6129
6130
7652
6464
6133
6134
6135
6136
6137
6138
6139
6140
6141
6142
6143
6144
6145
9961
133
6148
6149
8859
6151
6152
5806
6154
7472
6156
6157
6158
5992
6160
2194
4732
6163
5428
2437
9021
3703
6168
6169
5666
6171
6172
6173
6174
6175
6176
6177
9599
6179
5826
6181
2565
6183
6184
6185
6186
6187
6188
6189
6190
6191
6192
5484
6194
6195
6196
6197
6198
6199
6200
6201
7238
5621
6204
6205
6206
6207
968
8712
6210
6211
6212
4573
8703
7468
6216
6217
6218
6219
6220
6221
6222
6223
4433
6225
6226
6227
6228
6229
7610
6231
6232
6233
1538
1600
6236
6237
6238
6239
6240
6241
6242
6243
6244
1516
6246
2100
6248
6249
6250
6251
6252
3707
5126
6255
7103
6257
6258
6259
6260
6261
4120
6263
6264
1982
6266
6267
6268
6269
6270
6271
6272
6273
2280
6275
6276
290
6278
6279
6280
6281
6282
9142
6284
6285
522
6287
6288
6289
4712
6291
6292
6293
4821
6295
6296
6297
6298
6299
6300
1386
6302
6303
3695
6305
6306
6307
6308
1933
6310
5808
6312
6313
6314
9138
6316
6317
6318
6319
6320
2570
6322
6323
1785
6325
6326
6327
6328
6329
6330
6331
6332
6333
6334
6335
6336
6337
429
6339
6340
9044
6342
6343
7839
6345
1941
6347
4823
6349
3754
6351
7447
4911
6354
6355
6356
6357
6358
8384
9469
7418
27
9442
6364
6365
6366
8848
6368
6369
6370
6371
6372
6373
6374
6375
6376
6377
6378
14
2149
6381
6382
1074
6384
6385
8221
4662
6388
6389
6390
7337
6392
6393
6576
7687
2453
9997
4091
6399
6400
6401
6402
6690
6474
6405
6406
6407
6408
3792
6410
6411
6412
6413
6414
5620
6416
6417
8583
6419
6420
6421
6422
6423
6424
6425
6426
6427
4349
2891
6430
6431
6432
567
6434
6435
6436
6437
6438
6439
3883
6441
6442
9639
6444
6445
6808
373
6448
788
3527
8492
6452
6453
2471
506
8370
7
2538
6459
6460
6461
9039
6463
6132
6465
6466
653
6468
6469
5996
6471
6472
6473
6404
6475
6476
6477
8045
5606
6480
6481
6482
7474
6484
6485
365
6487
6488
8159
7039
6491
6492
6348
6494
2210
6496
6497
1683
6499
6500
2722
6502
4307
6862
6505
6506
6507
6508
6509
6510
6511
6512
6513
6514
4226
6516
6517
1555
6519
6520
6521
6522
6523
6524
6525
9943
6527
3170
6529
6530
6531
4472
2085
6534
6535
6536
6537
6538
7760
5341
6541
6542
6543
6544
6545
6546
6547
6548
6549
6550
4198
6552
620
4924
6555
8638
6557
6558
6559
6560
1053
6562
6563
6564
6565
6566
6567
6568
9740
6570
2635
7651
2117
6574
6575
2720
6577
6578
6579
8846
6581
3204
6583
6584
6585
6586
6587
7869
6589
6590
6591
6592
3361
8936
6595
6596
6597
6598
6599
1084
6601
6602
6871
6604
6605
6606
6607
6608
6609
6610
6611
6612
6613
6614
6615
6616
6617
6618
6619
6620
897
6622
6623
1670
6625
6626
6627
8230
6629
6630
6631
6632
1527
6634
9766
19
6637
2188
6639
6640
8780
6642
6643
1998
6645
6646
6647
6648
5600
6650
8173
6652
6653
6654
6655
6656
8167
6787
5655
357
6661
6662
8792
6664
6665
2898
3685
8308
6669
6670
6671
6672
5228
5812
6675
6676
6677
6678
6679
8654
6681
9207
1539
6684
6685
6686
7077
6688
9378
8402
6691
6692
6693
6694
6695
6696
6697
6698
8505
6700
6701
8915
6703
6704
6705
7139
3749
6708
6709
6710
6711
7740
6713
4608
6715
6716
6717
2605
6719
6720
6721
6722
6723
6724
6725
8106
6727
6728
6729
6730
6731
6732
6733
581
5309
6209
6737
6738
4286
6740
6741
6742
6743
6744
5581
2771
6747
6748
6749
6750
6751
868
6753
2826
6755
1724
2284
6758
1258
6760
6761
6762
6763
6764
6765
5397
6767
6768
6769
6770
8880
6772
6773
6774
6775
6776
6777
6778
6779
6780
6781
6782
6783
7720
1201
6786
2930
6788
7735
6790
6791
6792
6793
6794
6795
6796
3989
6798
7554
6800
3719
2038
6803
190
6805
6806
6807
9447
6809
6810
6811
2474
6813
6814
6815
1717
6817
249
6819
5412
6821
6822
3946
1723
6825
6826
6827
6828
9307
6830
1011
6832
6833
6834
4469
5044
6837
6838
6839
6840
6841
6842
6843
6844
8820
6846
6847
6848
6849
2489
702
6852
9092
6854
6855
6856
6857
3614
6859
6860
6861
6504
6863
7875
6865
6866
6867
6868
6869
6870
3078
6872
6873
6874
6875
6876
859
6878
4513
6880
1620
2455
2095
2074
6885
9053
6887
6888
6889
3901
6891
6892
4818
6894
6895
6896
6897
8243
6996
6900
6901
6902
6903
6904
6905
1781
6907
6908
6909
7166
6911
6912
6913
6014
6915
8692
6917
6918
6919
5075
6921
6922
6923
6924
6925
6926
6927
5141
6929
6467
6931
6932
4822
6934
6935
6936
6937
6938
6939
3801
6941
6942
6943
6944
6971
6946
6947
6948
6949
6950
6951
6952
6953
6954
6955
7225
6957
6958
6959
6960
6961
6962
6963
1322
6965
114
9029
4677
6969
6970
6945
6972
6973
6974
6975
937
6977
6978
6979
6980
6981
6982
6983
6984
4478
6986
6987
6988
6989
6990
6991
7959
854
6994
362
6899
6997
6998
6999
5130
7820
7002
7003
7004
659
7006
7007
7008
6428
8984
7011
8010
7013
7014
7015
7016
7017
7018
9767
7020
5780
7022
7023
7024
7025
7026
7027
7028
7029
7030
7031
7032
7033
7034
5229
2346
7037
7038
6490
7040
7041
1094
7043
7044
7045
7046
7047
7048
7049
7050
7051
7052
7053
7054
6215
157
7057
7058
461
7060
7061
9008
7063
1887
7065
7066
7067
7068
7069
7070
2926
7072
7073
7074
7075
7076
8724
3725
7079
7080
7081
7082
8246
7084
7085
6804
7087
7088
4482
7090
7091
7092
3884
7094
7095
7096
7097
7098
7099
7100
7101
7102
3189
5977
7105
5251
7107
2285
7109
6067
7111
7112
7113
7114
7115
7476
7117
7118
7119
7120
8343
7122
7123
7124
7125
7126
2808
7128
9825
7130
7131
7132
8912
7134
7135
7136
7137
7138
6706
7140
7141
7142
7143
9734
4316
7146
7147
7148
7149
7150
7151
7152
7153
7154
7155
7156
7157
3044
7159
7160
7161
3373
7163
7164
7165
6910
7167
7168
6062
4628
9900
7172
7173
6968
7175
7176
7177
7178
7179
7180
7181
7182
7183
7184
484
7186
4952
7188
7189
7190
4030
7192
7193
7194
7195
4443
7197
7198
7199
7200
4043
7202
7203
7204
7205
7206
7207
5849
7209
5008
7211
7212
7213
7214
7215
7216
5366
7218
3831
7220
7221
7222
7223
5067
6956
7226
7227
7228
8404
7230
3334
5234
7233
7234
7235
7236
1221
6202
7239
2221
7241
4170
7243
7244
7245
7246
7247
1598
7249
7250
6914
7252
7253
7254
7255
7256
7257
7258
7259
7260
7261
6341
7263
7264
7265
7266
7267
7268
7269
9436
7271
7272
7273
7274
7275
7276
5828
2751
9353
4777
2030
7282
7283
7284
7285
7286
7287
7288
7289
7290
7291
7292
7293
7294
7295
9543
7297
7298
7299
7300
7301
7302
1684
7304
7305
7306
7307
7308
3343
7310
7311
7312
7313
7314
7315
7316
6920
7318
7319
7320
9274
7322
7323
7324
7325
7326
872
714
7329
4650
7331
7332
7333
7334
4487
7336
6391
2518
2362
7614
7341
7342
2070
9959
7345
7346
2697
7348
7349
7350
7351
7352
6090
2093
7355
7356
9933
3763
7359
4615
7361
9314
7363
7364
7365
7366
7367
7368
7369
7370
6089
7372
211
7374
7375
7376
4359
5109
7379
7380
7381
1856
7383
7384
7385
7386
7387
7388
7389
7390
7391
7392
7393
7394
4159
7396
7397
7398
4751
7400
7401
412
7403
7404
7405
7406
7407
7408
7409
2536
4455
5856
8447
7414
7415
7416
9330
6361
7419
4589
7421
7422
7423
3443
7425
7426
7427
2913
9627
7430
5798
7432
7433
7434
7435
7436
7437
7438
9855
7440
7441
7442
2020
7444
7445
7446
6352
7448
7449
7450
7451
7452
7453
7454
7455
7456
7457
3790
7459
7966
7461
7462
7463
7464
7465
7466
7467
7055
5138
7470
7471
6155
7473
6483
7475
7116
7477
9020
7479
7480
7481
7482
7483
7484
7485
3216
7487
7488
1427
7490
7491
8667
7493
7494
7901
7496
3273
7498
7499
7500
7501
7502
7503
7504
7505
7506
2106
7508
7509
7510
7511
7512
7513
9969
6429
7516
5333
7518
8617
7520
7521
7522
9745
7524
7208
7526
7527
7528
7529
7530
7531
7532
685
7534
7535
7536
7537
7538
7539
7540
7541
7542
7543
8595
7545
7546
8152
7548
7549
7550
9612
7552
4725
6799
7555
7556
7557
7558
7559
7560
7561
7562
7563
7564
7565
7566
7567
9240
7569
7570
7571
7572
7573
2505
7575
7576
7577
7578
7579
7580
7581
7582
7583
7584
7585
7586
7587
7588
7589
7590
7591
7592
7593
7594
7595
7596
5796
7598
7599
7600
7601
7602
7603
7604
7605
7606
7607
3930
7609
6230
7611
1327
1369
7340
7615
7616
7617
7618
7619
7620
7621
7622
7623
7624
7625
7626
7627
7628
7629
7630
7631
7632
7633
7634
7635
7636
7637
7638
4925
7640
7641
7642
7643
7644
7645
7646
7647
7648
7649
115
6451
6131
3088
7654
7655
7656
7657
2120
274
571
7661
7662
3126
7664
7665
7666
7667
6766
7669
7670
7671
7672
7673
7674
7675
7676
7677
7678
7679
7680
7681
1703
7683
7684
7685
2739
3982
7688
7689
7690
7691
7692
7693
7694
7695
1586
7697
7698
7699
4502
7701
7702
7703
3023
7705
7706
7707
2675
7709
7710
1378
7712
7713
7574
7715
7716
7717
7718
7719
6784
7721
7722
7723
7724
7725
7726
7727
7728
7729
7730
7731
2209
8248
7734
4064
7736
7867
7738
7739
6712
7741
8390
7743
7744
7745
7358
7747
7748
7749
2059
7751
7752
7753
7754
7755
7756
7757
77
7759
6539
1793
7779
1486
7764
4745
7766
7767
7768
7769
5642
7771
7772
7773
7774
7775
7776
9920
7778
8530
7780
7781
7782
7783
5565
7785
7786
7787
7788
7789
9440
8107
7792
7793
7794
7795
7796
7797
7798
7799
7800
7801
7802
4657
7804
7805
7806
7807
7808
7809
7810
7811
7812
7813
7814
7815
9989
7817
7818
8445
7001
7821
7822
7823
7824
7825
4871
42
7828
7829
7830
5355
7832
7833
7834
7835
7836
7837
7231
4881
7840
7841
7842
7843
7844
7845
8988
7847
7848
5396
7850
7851
7852
7853
7854
7855
7859
7857
7858
7856
7860
7861
7862
9833
6573
7865
7866
8669
7868
6033
7870
7871
7872
7873
8810
6864
7876
7877
4797
3851
7880
985
2584
7413
7884
7885
7886
7887
2426
7889
7890
5203
7892
7893
7894
7895
7896
7897
7898
7899
7900
3872
7902
7903
7904
7905
7906
7907
7908
7909
7910
2246
7912
7913
7914
7915
7191
7917
7918
7919
7920
7921
680
7923
7924
7925
7926
3963
7928
3564
7930
7931
7932
3687
7934
7935
7916
7937
8548
7939
7940
7941
7942
5116
7944
7945
7946
7947
9539
7949
7950
9303
7952
7953
9394
7955
389
7957
7958
4314
7960
8627
7962
8386
2233
1165
7460
9697
874
7969
451
3352
7972
7973
7974
7975
7976
7977
7978
5543
7980
7981
7982
7983
7984
7985
7986
7987
7988
7989
7990
7991
1189
7993
7994
7995
7996
901
7998
7999
8000
8001
8002
4063
8004
8283
8006
8007
8008
8009
7012
8011
8012
8013
8014
8015
8765
8017
8018
8019
5989
8021
8022
2884
2749
8025
1686
8027
8028
8029
2819
8031
764
8033
8034
8035
7838
8037
8038
6013
8040
8041
8042
8043
2612
6478
3653
8047
8048
8049
8050
8051
8052
8053
9872
8055
8056
8057
8058
8059
3060
8061
8062
8063
8064
8065
8066
8067
8718
8069
8070
5081
8072
9197
3742
8075
739
8077
8078
8079
8080
8081
8082
8083
8084
8085
8086
8087
8088
8089
8090
8091
8092
8093
8094
8095
3017
8097
8098
8099
8100
8101
8102
8103
8104
8105
6726
7791
8108
8109
8110
8111
8112
8113
8114
8115
8116
8117
8118
8119
7750
3620
2264
8123
8124
8125
8126
8127
8128
8129
8130
8131
4138
6290
8134
8135
8136
8137
8138
8139
7831
8141
8142
8143
8144
8145
8146
8147
8148
8149
8150
5424
7547
8153
8154
8155
8156
8157
5497
6489
9517
6224
7551
8163
8164
8165
4264
1197
1142
8169
8170
1166
8172
6651
8174
3873
7371
8177
1718
7110
8180
8181
8182
8183
8184
984
1664
8187
548
8189
8190
8191
8192
2699
1689
8195
8196
8197
8457
8199
4251
8201
8202
8203
8204
8205
8206
8207
8208
8209
8210
4374
9212
8213
60
8215
8216
8217
5068
8219
8220
3513
8222
8223
8224
8225
8226
8227
8228
8229
8642
8231
8232
8233
8234
4550
4270
8237
1917
8239
8240
8241
8242
627
8244
4757
4793
8247
4279
8582
8250
4471
2834
3767
8254
8255
8256
8257
8258
8259
7420
8261
8262
8263
8264
8265
8266
8267
8268
8269
8270
8271
8272
8273
8274
3085
8276
8277
8278
8279
8280
8281
8282
8005
1897
8285
3595
8287
8288
5582
8290
8291
5133
2354
8294
8295
7411
8297
8298
8299
8300
8301
8302
8303
8304
8305
7763
8307
6668
2197
8310
8311
8312
8313
8314
5487
8316
5950
5975
2227
8320
8321
8322
8323
8324
3995
8326
2797
4580
5151
8330
8331
8332
8333
8334
8335
3438
3205
8338
8339
8340
8341
8342
7121
8344
8345
8346
8347
8348
8349
8350
8351
8352
8353
8354
8355
8971
8357
2966
8359
8360
8361
8362
8363
8364
5878
8366
8572
8368
8369
6456
8371
8372
8373
8374
6001
8376
8377
8378
8379
8380
8381
5795
214
6359
8385
7963
532
8388
8389
7742
8391
8392
8393
8394
8395
8396
8397
8398
8399
8400
8401
4593
8403
7229
9875
8406
8407
8408
8409
9465
483
8412
8413
8414
8415
8416
8417
8418
4877
5469
8421
8422
8423
9935
8425
8426
8427
2569
2643
8430
8431
8432
8433
8434
8435
8436
8437
8438
2154
8440
8441
8442
8443
8444
7819
8446
4495
8448
9246
8450
8451
4604
8453
8454
8455
5233
8198
8528
8459
8460
8461
8462
437
7970
3307
8466
8467
8468
8469
922
6038
8472
8473
8474
8475
8476
8477
8478
8479
2845
8481
8482
8483
3005
8485
8486
8487
9903
8489
8490
8491
338
8493
8494
8495
8496
8497
8498
8499
2848
8501
8502
8503
8504
9344
8506
8507
8508
8509
8510
8511
8512
8513
8514
8515
3207
2929
1450
4758
8520
3458
8522
41
8524
8525
7700
8527
8458
3049
7762
8531
8532
9674
8830
8535
8536
8537
8538
2811
8540
5627
8542
2928
4301
8545
8546
8547
7938
8549
598
8551
5123
8553
8554
8555
8556
8557
8558
8559
8560
8561
8921
7071
8564
8565
8566
8567
94
8569
8570
8571
8367
4731
8574
8575
9164
9918
8578
8579
8580
8581
8249
962
8584
8585
8586
8587
8588
8589
8590
8591
334
8593
8594
4038
8596
6831
8598
8599
8600
1601
6253
8603
8604
8605
8606
8607
2145
8609
8610
5489
5579
8613
8614
3842
8616
7519
3138
8619
8620
8621
8622
8623
8624
5894
8626
9291
8628
8629
2842
5029
8632
8633
8634
8635
8636
8637
6556
8639
8640
8641
6324
8643
8644
8645
8646
8647
8648
8649
8650
8651
8652
8653
6680
8655
8656
8657
8658
8659
8660
8661
8662
8663
8664
8665
8666
6493
4167
7737
8670
3360
8672
8673
8674
5746
8676
8677
8678
8679
8680
8681
8682
8683
8684
8685
8686
8687
8688
3578
2625
2446
6916
8693
8694
8695
8696
8697
8698
8699
8700
8701
8702
6214
8704
8705
8706
8707
8708
8709
8710
8711
514
8713
8714
8715
8716
8717
9295
2431
8720
8721
8722
8723
9662
8725
2050
8727
5055
3454
8730
9423
8732
8733
8734
5557
8736
8737
8738
8739
8740
8741
8742
8743
5929
5680
6850
8747
8748
8749
8750
8751
8752
8753
8754
8755
8756
8757
8758
8759
8760
8761
8762
4067
8764
9742
8766
8767
8768
7711
8770
8771
8772
8773
8774
8775
8776
8777
8778
2261
3962
8781
8782
8783
8784
8785
8786
8787
6002
8789
8790
8382
6663
5982
8794
4646
8796
8797
8798
8799
8800
5299
8802
8803
4274
8805
8806
8807
8808
871
7874
5380
8812
8813
8814
8815
8816
1949
8818
8819
6845
8821
8822
8823
8824
8825
8826
8827
8828
8829
5082
8831
4220
8833
167
1894
8836
5750
8838
8839
8840
8841
8842
8843
8844
8845
6580
8847
6367
9079
8850
8851
2715
8853
8854
8855
8856
8857
8858
6150
8860
8861
8862
8863
6283
8865
8866
8867
9720
8869
8870
8871
8872
8873
8874
8875
8876
8877
8878
8879
9301
8881
8882
8883
8884
8885
2164
9549
8888
8889
8890
8891
8892
8893
4083
898
8896
8897
8898
8899
8900
8901
8902
8178
8904
3582
6588
8907
8908
8909
8910
8911
9716
8913
8914
6702
8916
8917
8918
8919
8920
8562
8922
8923
8924
8925
2250
8927
8928
8929
8930
8931
8932
8933
8934
8935
6594
8937
8938
8939
8940
8941
8942
8943
8944
8945
4025
8947
8948
8949
6940
8951
8952
8534
8954
8955
648
1654
8958
3528
8960
8961
8962
8963
8964
8965
8966
8967
383
8969
8970
8356
8972
8973
8974
8975
8976
1282
8978
8979
8980
8981
4679
8983
812
8985
8986
8987
9215
8989
8990
8991
8992
8993
8994
6048
8996
8997
8998
8999
9000
9001
9002
9003
1572
8729
9006
9007
7062
9009
2710
9011
9012
9013
9014
9015
9016
9017
9018
9019
7478
6166
9022
3174
9285
9025
9026
9027
9028
2086
9030
9031
9032
9033
1628
5861
436
9037
8218
9231
9040
9041
9042
3922
7262
9045
9046
9047
9048
9049
9050
9051
3944
2833
9054
9038
9056
9057
9058
9422
9060
9061
3998
9063
9064
9065
7144
9067
9068
9069
9070
9071
9072
9073
9074
9075
3370
9077
5760
8849
9080
9081
9082
9083
9084
9085
9086
9087
9088
9089
9090
9091
6853
9093
9094
9095
261
9097
9098
9099
9100
9101
9102
9103
9104
9105
9106
7169
9108
9163
9110
2087
710
2128
9114
9115
9116
1172
4164
9119
9120
5097
9122
9123
9124
9125
9126
350
9128
9129
9130
9131
9132
9133
3473
9135
9136
9137
6315
8054
9140
9141
8864
9143
7733
9145
6409
2939
9448
9149
9150
9151
9152
9153
3418
9155
9156
9157
9158
9159
9160
9161
9162
9109
7653
9165
9166
9167
9168
9169
9170
4444
9172
9173
9174
9175
9176
9177
9178
1034
1032
9181
9182
9183
9184
9185
9186
9187
9188
9189
182
9191
9192
9193
9194
9195
9196
4754
2863
1942
5188
9201
9202
9203
9204
9205
9206
6682
9500
9209
9210
9211
8212
3428
9214
7846
4026
7362
1350
9219
285
9221
5946
9223
1146
25
9226
9227
9228
1673
4300
6462
9232
9399
5748
9235
9236
9237
9238
1380
7568
9241
9242
9243
2968
9245
3569
9247
9248
9249
9679
2528
3110
9253
9254
9255
9256
3118
1272
2080
5644
9261
9262
9263
9264
9265
1007
9267
9268
9269
9270
3098
9449
5368
9821
5358
9276
9277
9278
9279
9280
9281
1552
9283
440
9024
9286
9096
9288
9289
9290
7961
9292
342
9294
9928
9296
9297
9298
9299
9300
6771
9302
7951
9304
9305
3649
6829
9308
9309
9607
9311
15
9313
9217
9315
9316
9317
9318
9319
9320
9321
9322
9323
9324
586
9326
9327
9328
9329
7417
9331
2647
9333
9334
9335
9336
9337
9338
9339
9340
9341
9342
9343
6699
9345
9346
9347
7019
4249
9350
9351
9352
7279
9354
9355
9356
9357
9358
9359
9360
9361
3654
9363
1905
9365
9366
9367
5349
9369
9370
9371
9372
9373
5802
9375
9376
9377
2135
9379
9380
9381
9382
8887
9384
4202
9386
9387
9388
5906
9390
9391
9392
9393
5765
9395
5901
9397
9398
9233
9400
9401
9402
9403
219
9405
9406
9407
9408
9409
9410
9411
1480
9413
5377
9415
9416
9417
9418
1776
9420
5263
9059
8731
9424
9425
2331
3729
4968
9429
9430
9431
9432
9433
9434
9435
7270
9437
9438
9439
7790
9441
6363
9443
9444
9445
9446
6446
9148
610
9450
9451
3510
9453
3558
9455
9884
9457
9458
9459
9460
9461
9462
9463
9464
6321
9466
2307
9468
6360
9470
9471
9472
5479
9474
9475
9476
9477
9478
1614
7686
9481
9482
9483
9484
9485
9486
9487
9488
9489
9490
3684
9492
9493
9494
547
9496
9497
9498
9499
9208
9501
9502
1325
5968
9505
9506
6396
9508
9509
9510
9511
9512
3144
1621
9515
9516
8160
5311
9519
9520
4655
828
9523
7402
9525
9526
9527
5567
9529
9530
9531
9532
7000
9534
9535
9536
9537
9538
7948
9540
9541
9542
7296
9544
9545
9546
9547
9548
8809
9550
9551
9552
4350
9554
6064
9556
9557
2728
9559
9560
9561
9562
9563
9564
9565
8151
9567
9568
9569
9570
9571
9572
9573
9574
9575
3299
9577
9578
1833
9580
9581
9582
9583
9584
9585
4653
9587
9588
9589
9590
9591
9592
9593
9594
3789
4107
9597
9598
339
9600
2778
9602
5226
9960
9605
9606
8133
9608
5158
9610
9611
5271
9613
9614
9615
9616
9617
1275
537
9620
9621
9622
9623
73
9625
9626
7429
9628
9629
4611
9631
9632
4931
9634
9635
9636
1153
9638
6443
9640
5378
9642
9643
9644
9645
9646
9647
9648
9649
9650
9651
9652
9653
9654
9655
2319
9657
9658
3108
9660
9661
6687
9663
9664
9665
9666
9667
9668
9669
9670
9671
9672
2239
8533
9675
7196
9677
9678
9250
9680
9681
9682
9683
9684
9685
9686
5046
9688
9689
9690
9691
9692
9693
9694
9695
9696
9258
9698
9699
9700
4491
9702
9703
9704
9705
9706
9707
9708
9709
9710
9711
9712
9713
4222
9715
7133
9717
9718
9719
8868
9721
9722
9723
9724
1836
9726
9727
9728
9729
9730
9731
9732
9733
9066
9735
9736
9737
3130
9739
6569
1319
8016
1677
9744
4507
9746
9747
9748
9749
9750
9751
9752
9753
9754
4400
9756
9757
9758
9778
9760
9761
9762
9763
9764
9765
6635
9348
9768
9769
9770
4616
4304
9773
9774
9775
395
9777
1447
9779
9780
9781
9782
3474
9784
9785
9786
9787
602
9789
9790
9791
9792
9793
9794
9795
9796
9797
9798
9799
9800
3546
9802
9803
9804
9805
9806
9807
9808
9809
9810
9811
9812
587
9814
9815
9816
9817
9818
9819
2896
7321
9822
9823
9824
7129
9826
9827
4362
9829
9830
1116
5463
7863
9834
9835
1657
9837
2464
9839
9840
5340
9842
9843
9844
9845
9846
3225
9848
9849
9850
9851
9852
9853
9854
7439
9856
4884
5285
9859
9860
2254
9862
5459
9864
9865
9866
9867
9868
9869
8946
9871
9139
9873
9874
8405
9876
9877
9878
9879
9880
9881
9882
9883
9456
9885
960
9887
9888
9889
798
9891
198
9893
9894
9895
9896
9897
9898
9899
7171
9901
2182
2340
9904
9905
9906
9907
9908
9909
9910
9911
9912
9913
9914
4956
9916
9917
2815
9919
3363
9921
9922
3945
3617
9925
4246
9927
8068
9929
4079
9931
9932
7357
9934
758
9936
9937
3507
2212
4878
9941
9942
6526
1262
9945
9946
9947
9948
9949
7650
2709
9952
9953
9954
9955
9956
3788
9958
7344
9604
6146
9962
9963
9964
5108
9966
9967
9968
7514
9970
3606
9972
9973
4029
2420
9976
9977
4965
9979
9980
9981
9982
9983
9984
9985
9986
9987
9988
7816
9990
5741
9992
9993
9994
9995
9996
6397
9998
9999
10000
