1
2
3
4
5
6
7
711
9
10
11
12
13
976
15
16
17
18
719
904
266
564
23
24
122
26
27
28
29
908
31
32
33
34
35
36
37
38
39
40
41
42
43
64
184
46
47
48
49
50
551
52
505
54
55
137
57
810
59
60
61
419
63
44
65
66
67
942
867
70
71
72
876
74
75
758
436
78
79
80
81
82
299
84
85
86
87
88
89
779
91
233
830
94
95
96
97
526
99
100
101
102
103
104
105
106
107
108
109
336
111
112
113
114
115
156
117
128
119
547
121
25
123
124
125
308
146
118
129
747
131
132
133
134
543
167
56
838
139
140
141
142
143
144
145
127
147
515
149
150
151
152
153
154
197
449
157
158
159
160
161
162
163
164
165
166
136
168
311
480
171
172
173
174
175
583
177
178
179
180
181
182
412
45
185
186
187
188
633
588
191
912
193
194
195
463
155
198
199
200
328
202
203
204
205
998
913
208
209
546
211
212
213
474
215
216
217
218
219
220
221
222
223
820
225
226
227
229
545
230
231
232
92
234
607
236
787
794
239
240
241
242
243
244
470
246
247
248
249
529
803
252
253
254
255
278
351
258
259
322
190
262
263
853
265
21
267
268
269
270
271
272
273
274
275
276
277
256
279
176
827
282
283
284
285
286
598
288
289
290
291
292
371
496
295
476
297
298
83
300
301
302
303
304
305
392
307
126
309
310
169
356
313
314
315
316
317
318
319
320
321
260
859
324
325
326
327
201
329
330
331
453
634
334
335
622
484
338
345
340
341
468
343
538
339
651
347
348
349
350
355
352
353
354
257
306
357
358
359
360
790
362
587
364
365
366
367
368
369
370
293
372
373
374
375
376
377
378
379
380
381
382
383
384
385
386
387
388
935
390
391
312
393
401
395
396
397
398
399
400
718
402
403
404
405
406
407
408
409
410
411
183
413
414
415
498
417
418
878
420
421
422
423
424
425
426
427
428
429
430
439
432
433
228
435
77
437
438
431
440
822
442
443
444
445
446
447
448
116
450
451
452
120
454
455
456
457
640
459
460
461
462
196
464
671
466
467
342
469
245
875
472
473
214
475
296
786
478
479
170
481
482
483
337
485
486
487
663
489
490
491
492
493
494
495
294
497
416
499
500
987
502
503
504
53
506
507
508
509
517
928
512
513
514
148
516
510
608
519
520
521
522
523
524
525
98
527
528
845
530
531
532
533
534
535
550
951
344
539
540
541
542
978
434
544
210
818
548
549
536
51
552
553
947
555
556
557
558
559
744
561
562
563
22
565
566
966
568
569
570
701
572
573
574
575
576
577
578
579
580
581
582
931
584
585
586
363
261
589
590
591
592
593
594
595
596
597
287
768
600
361
602
603
604
605
606
235
518
609
610
611
612
760
614
615
616
617
618
138
620
621
110
623
624
625
626
627
628
629
630
784
632
189
823
635
636
683
704
639
458
641
642
643
644
645
646
647
648
649
650
346
537
653
654
655
656
657
979
659
660
855
662
488
664
665
666
667
680
669
670
972
672
673
674
675
676
677
678
679
668
681
682
637
684
685
686
687
688
689
961
206
692
693
694
695
696
697
698
699
700
571
702
703
638
705
800
707
708
709
501
332
601
713
714
715
716
717
394
944
720
721
722
723
724
739
726
856
728
729
730
731
732
733
734
735
938
737
738
725
740
741
742
743
560
745
746
130
748
781
750
751
982
753
754
755
756
757
76
759
613
761
762
763
945
765
766
767
599
769
770
771
772
773
774
775
776
777
778
90
780
749
782
783
69
785
477
237
788
789
712
791
792
793
238
795
796
797
798
799
706
801
802
989
804
805
806
807
808
809
58
811
812
903
814
815
870
817
8
819
224
821
441
333
824
825
826
281
828
829
93
831
832
833
834
835
836
837
619
839
840
841
842
843
844
250
846
847
848
849
850
851
852
264
854
661
727
857
858
323
860
898
862
863
864
865
866
631
868
869
816
871
872
62
874
471
73
877
873
879
880
881
882
883
884
885
886
887
888
889
890
891
946
893
894
895
896
897
861
899
900
901
902
952
20
905
906
907
752
909
910
911
192
207
914
915
916
917
918
919
920
921
922
923
924
925
926
927
511
929
930
280
932
933
934
389
936
937
736
939
940
941
68
943
19
764
892
554
948
949
950
652
813
953
954
955
956
957
958
959
960
690
962
963
964
965
567
967
968
969
970
971
465
973
974
975
14
977
135
658
980
981
30
983
984
985
986
710
988
251
990
991
992
993
994
995
996
997
691
999
1000
