1019
1684
4229
3453
4574
9931
5968
6342
5761
9864
2423
7021
3768
2577
8694
7451
768
2627
4355
1585
6420
3028
4420
3835
7299
8002
7628
3455
8808
5581
7978
528
1528
5877
1704
8514
2047
6381
6710
2748
7674
8566
825
3223
5325
2225
8695
6654
9300
9161
1814
2168
3442
5828
885
3074
7378
7305
7832
1735
14
6954
1364
8071
7796
5704
1586
6531
2028
1954
8311
242
119
5975
8054
4153
601
9209
7439
5780
2742
9906
5297
7622
6352
8372
2156
3199
2490
9394
7203
6940
8892
390
3362
6504
185
2095
1292
1278
5626
6213
1324
747
624
9080
2714
7030
1596
4672
1505
4419
7376
512
7522
5949
9232
838
2329
6358
7310
5107
4666
7060
8427
1952
7284
2563
1173
1769
4205
5277
8541
4441
8719
9808
4794
260
114
555
1975
4065
5216
2713
6760
6862
1171
3106
2837
2445
980
5319
1422
3471
2615
4622
5895
7621
3088
7076
3914
7518
218
7456
6618
3563
3935
3096
5133
6703
9740
8490
1828
5911
2489
7147
3403
1523
8798
2476
1420
7361
3542
7224
4386
7148
6926
2569
3195
1198
4170
116
7450
4375
8922
7769
6328
8606
350
1774
8059
4684
1565
7856
5946
517
1423
8428
5951
8642
4616
8951
6764
3238
3005
2772
8681
1404
4421
311
8871
2887
1395
1554
2215
7360
4604
2777
1009
2150
333
4109
1296
3339
4417
5443
8999
4415
1891
6614
1302
7160
5324
2102
3575
8038
7820
546
5378
6088
926
8339
4391
5469
9086
276
9068
4360
573
7095
585
9842
3783
8736
6722
9448
7729
1237
4596
3254
5715
1608
3812
7688
9264
9130
1130
9713
881
2684
3742
6475
4093
9862
9851
1580
2492
9452
7566
9022
3359
7287
2859
5964
7164
6030
671
4647
4416
8936
4060
6987
1131
6453
9392
2697
2781
4791
869
6365
2884
3193
9815
7756
187
5801
8191
4209
6705
1815
645
2400
3086
8818
2606
7071
905
4804
8511
5527
5198
4935
6176
5543
918
7058
3227
4177
4082
6655
4150
7822
65
8640
1366
8929
8285
2005
8132
9142
2739
5022
5959
1239
715
8981
253
8899
1537
394
8463
9024
8572
8472
9484
964
1666
7835
5847
761
2736
2603
9510
355
2461
7745
745
2468
6076
8186
2119
6981
4120
2231
8408
7849
7669
1095
2773
4664
1673
2179
4459
5458
3142
1034
916
7850
953
5434
3341
3967
3336
1866
5116
1763
3178
6645
6097
4884
2256
8561
8473
2344
4891
3610
8810
3343
8135
4740
8570
7255
742
466
8619
6341
5690
1401
8121
1873
2266
6883
6811
7833
5712
8990
5673
3651
529
553
7620
3584
6393
8675
6550
3713
5392
7870
8061
2042
5566
2817
1436
6734
5655
982
8831
8214
3691
2718
649
9647
8283
853
5884
3042
9345
5837
2403
3804
5212
525
3720
808
6637
6047
5842
2441
6485
7330
6415
1889
4332
7481
4442
1317
6436
262
1594
8103
6428
9668
7596
3101
3311
9353
3438
9294
344
5997
9399
701
973
8943
8845
1728
4470
5636
4706
9853
6581
1518
4603
94
9575
2902
7736
1319
4844
5558
6994
5567
6454
3252
6702
5322
4972
9211
8743
4096
9039
3322
6666
7575
4509
3717
6264
8085
3966
8529
3198
9139
5586
1142
1487
6898
2839
2479
6686
1072
2874
3342
6370
8348
2954
7515
2409
4747
5281
9798
5428
4473
3368
4784
8369
8241
3688
244
7497
3172
4351
418
4709
6210
839
5816
6879
445
1736
3519
4501
7347
6522
341
7199
4715
2182
5069
5243
1508
1660
203
2816
3554
665
7954
9477
8537
8659
8726
7854
2549
9435
235
9991
2659
8555
3823
2387
3987
2784
3708
9939
8336
6332
3483
2435
983
7777
1987
8210
1434
7880
9611
5273
7122
3095
5391
408
2952
7791
4651
2004
534
7625
3418
241
4273
9548
9971
5066
9466
2370
9215
8494
2035
4389
6203
3299
8500
3821
1116
710
8884
3817
943
1726
1974
4014
7544
48
9114
1151
6604
1533
9903
2785
1335
9158
7538
8953
910
2517
4206
8259
8977
1250
4061
7531
7416
513
2439
9696
5461
1716
9635
3230
1193
6676
4653
8355
3828
8822
9765
5096
6827
1353
6659
2764
3156
6249
3119
1997
1
589
2367
1038
7946
7403
7307
6949
9498
5384
5233
4506
1399
1838
7226
8605
5523
8507
4761
3497
9008
3217
7448
8084
7478
7029
9525
5176
5186
9500
3869
1136
7040
2835
1852
2802
8604
6369
1101
4388
2246
756
6132
3748
5100
1246
3528
3398
6975
1999
1488
5787
4215
5638
364
6152
2113
8536
2261
7637
5317
3448
827
2260
9640
2862
9208
7087
2085
3248
6877
6639
9265
7828
6519
667
2154
4357
7551
7726
5404
4026
9880
949
8741
1633
959
4408
5194
9850
7142
2677
8169
5752
1432
6455
6130
2657
6947
7533
7312
2259
2561
322
2568
8815
7091
6996
4645
2271
506
7094
2570
1141
7787
8247
2242
2487
8356
9943
2081
6106
3803
5442
8696
3578
1780
2459
2429
4597
5367
5328
4957
1512
9823
8442
8227
4648
5283
8228
8040
7329
8438
4212
5138
8747
4328
9341
6772
2625
708
115
6821
8041
3346
1636
541
1578
6619
1017
6448
9167
7492
5526
2347
8851
2456
1574
5820
9806
8126
8667
3630
1111
3885
4249
3617
1484
2000
2712
7501
6104
3062
7503
7408
3107
9612
159
9284
9483
3154
6511
9760
222
3132
6488
2014
5247
6124
9326
7957
5933
5389
378
9894
3774
4793
719
3084
6043
6486
9168
3686
3313
9753
9795
6680
1024
2185
3469
3999
8525
3412
2049
3367
6841
232
9538
1372
860
8344
4925
8854
2889
5101
205
7997
6632
5017
4943
3618
5920
3898
6913
168
3012
3546
663
151
8056
9363
5099
8360
3753
2724
6222
3055
8422
7220
1145
9793
627
5214
1764
7668
229
5596
5930
721
1067
1791
9509
8890
906
8758
8142
1899
6171
1129
9595
4619
1706
2525
141
802
130
9905
4064
5762
9207
4929
5998
213
6765
8914
1195
9678
6002
5365
8496
5811
7553
2799
6589
4939
7658
5173
3114
8475
2350
2144
2091
6125
5976
8646
5282
6255
6526
3118
6260
5174
5510
7630
7755
8161
5407
3608
4125
6377
2046
4809
532
8335
6615
6498
7380
4899
1692
8792
5663
8401
9531
9734
1068
4840
7935
332
2480
154
3887
6089
7741
9487
381
8424
4732
8343
8653
4849
4068
4048
1582
4341
3950
9372
4677
5774
9698
9942
4134
7302
1099
5814
3650
1589
8987
1029
7665
897
7325
6424
2317
7861
9826
251
5671
4291
4788
5477
462
7175
9424
2826
6150
3574
4204
7267
1986
7370
5562
6408
9059
4435
3646
2808
9434
6995
8962
7671
4314
9456
9898
8205
7241
9646
7786
8855
9323
9414
2137
7334
581
2206
2665
5226
8448
5843
3165
8225
4358
6579
6566
5727
5016
1819
8070
7827
335
9588
6064
6075
8274
1214
8583
2438
6181
9460
7571
3176
5504
1757
2547
5741
5020
489
5818
8576
682
4980
1800
9152
9940
8759
8617
2326
6083
6388
3867
9122
8761
5018
3871
5217
3518
5045
1255
6084
9011
5241
2377
4542
1623
8797
5625
8342
5459
7577
7618
2311
1606
7803
8188
816
514
5789
419
1885
4105
6911
3202
9076
3716
7101
8894
1023
5059
7114
2066
4655
4690
3549
1305
6929
4032
8988
4438
9986
5075
5326
6886
7599
8716
3054
5901
8364
2149
5979
57
8052
6494
9715
8293
2705
9721
1794
5231
8586
8811
5409
3515
5440
6009
1524
3416
4739
9347
6921
7243
5714
3267
1204
8316
7487
673
8374
2495
6048
1530
3737
6205
792
1219
3559
2415
4564
757
9250
112
181
4710
3555
3
6554
6275
8253
1201
3893
8238
3552
702
6100
7909
7014
5763
2730
5304
2607
6626
5182
9343
3695
9217
6573
1378
7760
9703
8513
9782
3936
343
1655
8376
4879
967
377
6678
8220
7837
2977
4342
6322
6287
7256
7443
7137
2880
2558
1867
9572
500
9134
5436
9149
4866
5629
2015
9907
8986
4856
2067
4301
847
479
6423
9247
4253
4888
9566
5924
8857
5050
9194
3603
7332
4326
1499
7057
3327
7862
5464
6978
8155
5707
1280
6496
6188
5301
4171
1696
2584
2656
9390
8124
7808
5954
1746
6922
8182
5817
1949
3902
7780
5362
296
5608
8841
1461
5770
1189
1242
2823
9132
1008
1352
6580
803
104
2689
767
2386
9299
4986
2401
6627
9314
4606
5372
7159
4423
7713
6245
4345
2959
5463
7298
6985
6540
215
5729
6625
1686
6853
1888
7339
2143
5893
265
5731
1039
5432
2135
3157
3323
1874
6725
5855
3853
8698
3093
9662
1956
7197
1447
3851
386
7152
3733
1311
3126
5880
7306
3286
8717
6812
4796
5002
2129
501
8158
3989
538
464
9388
1133
2855
4128
3138
5610
3806
4335
2413
2982
9998
9188
7333
6136
1908
8303
6642
3769
7534
9464
9783
9199
220
254
5025
9169
6744
6118
5653
5483
430
7064
6147
8974
4403
4241
1251
3392
7027
628
5420
9287
5783
8058
5900
3444
3545
4592
9657
4127
25
6343
4275
3808
9545
292
1511
2545
5481
6284
7420
3878
5758
4484
4052
5086
5910
3243
3654
2055
3865
9673
8255
6068
2842
6797
4154
8978
3888
5936
7365
5262
5785
1320
4034
7590
6927
8065
8643
7108
2406
3670
270
6029
4569
9626
9339
7245
9095
2602
9849
7413
4905
8671
9607
9160
4051
8492
63
2033
15
4119
520
6085
979
1939
9126
7695
1535
1738
6303
2509
8330
556
4577
2585
8249
2796
2519
4917
9340
9124
1718
3711
1705
697
5124
2560
7705
8804
6251
3643
5171
3262
863
1583
9802
147
787
626
5249
7214
7490
8879
3895
2623
945
7917
6350
1786
9065
3699
2378
3098
6109
7167
7601
6349
3303
6745
3657
1253
5215
5202
6717
9370
2170
3363
5364
7244
1725
2243
6677
503
933
7567
5605
3245
7449
399
3795
1223
8674
3253
8281
8443
6098
3000
1798
5268
7966
6796
8410
6542
4578
7936
9280
4294
304
4557
6227
5989
4553
3859
5786
4762
5448
3625
1473
2454
4012
2592
9891
6025
4950
2771
9227
4621
7676
1104
4003
614
5114
4044
7286
2380
3539
9884
6597
9192
8794
3678
388
3692
4331
3588
4984
3693
6520
5097
5570
4383
8138
4921
2372
3749
3794
658
9844
1310
4390
4183
2909
4356
4329
165
8309
6759
217
2158
1803
4570
3981
5336
8471
2362
3882
7070
7511
345
903
4188
7112
9516
9242
9965
6418
382
4617
9990
9072
3785
6670
2848
3963
8827
201
9904
5136
4913
8288
5164
3192
8134
38
7761
2996
8203
1061
3353
2045
7320
9181
7035
8450
7983
5491
8783
4472
73
5206
5484
2934
2510
7779
1162
5779
102
6651
7052
9770
4738
8843
4813
1869
7067
1724
1208
210
1392
1047
3939
376
3965
5682
9470
3013
5571
1936
2446
7316
380
4494
633
1912
305
9381
6769
3786
5914
2836
8087
5538
3048
3307
2696
2036
9799
7154
5971
3236
5129
5659
5347
9675
1680
5553
1304
7441
543
5023
6362
8277
3789
7117
2030
8865
8833
3064
9049
7941
7352
4396
9557
4246
1169
8198
2761
5654
1595
250
6197
6608
8540
8462
9582
2854
1963
9017
1323
3108
8149
8075
2493
7664
1795
3097
7165
4247
7176
9547
2037
1308
2851
4145
284
6970
8212
7170
6624
1467
3675
3031
9594
4814
9852
7073
1592
9592
1059
2957
9179
9422
3874
6042
6359
8755
7225
883
1871
7732
1639
4907
499
52
4226
1375
4538
1451
9679
8391
2305
5630
4787
1258
2557
4544
9078
211
2609
2394
8465
4792
8966
3168
889
1011
5189
7
370
7714
5765
4373
2669
5250
3718
9744
7273
2864
2852
2175
4222
5773
5528
5717
2869
598
8839
3072
2463
3103
2250
8715
6052
5821
5912
8862
6781
3357
2130
7440
4938
7788
4934
2056
349
8216
1669
2933
4836
5689
9438
3279
5266
5656
8119
7968
9526
6394
4148
8361
2192
8796
7800
811
4176
4191
3032
7466
4874
9442
3697
287
6476
3565
4545
298
1864
4590
9528
2619
2255
3051
8006
7358
4192
5225
7950
6472
9224
6620
2620
6902
9834
4910
9559
1417
6695
1983
1723
1385
4296
8725
3428
3221
4531
1438
5508
3758
8598
4944
4817
33
9828
5034
5092
1627
221
4638
9117
6368
4284
3991
912
677
675
2306
9316
2291
8803
4099
2963
2910
2481
7242
1452
6018
3547
9079
9879
2448
2844
8830
8217
1489
7701
4861
1526
5285
2985
9521
7065
3371
9115
1409
5999
4830
8329
1005
5070
7963
4452
1163
9032
4834
6179
6799
3068
4344
8900
8779
7096
4418
7740
705
6568
6861
3561
7218
5489
5511
4231
7404
6611
4009
4571
7364
5926
908
8697
1431
5937
2782
7598
4187
8578
7411
6001
3772
6650
5471
799
5881
9226
9761
9863
1309
58
1356
7892
7593
8353
5889
7911
4298
4649
4132
936
653
8651
1413
6826
163
5683
5334
3292
7635
1693
9303
5140
6366
1745
4085
1839
5955
5794
2013
5541
7039
5188
2194
7477
1096
4322
9469
723
8556
4100
1495
3684
6139
1134
9917
1539
2594
9098
9109
996
837
6851
1863
5398
7744
5644
8358
8518
5583
6253
2628
5363
548
8387
8607
2405
679
4380
4924
4203
7118
2348
540
9637
3953
317
9061
7288
7702
7867
8548
4726
5056
3631
6908
6724
3116
954
717
2654
9360
9197
4908
8258
5574
6217
5792
8029
5311
3541
5564
9031
3521
157
1081
6773
7285
6218
9613
6426
7995
3636
6806
865
4160
5501
668
1519
9507
5413
1577
9261
6232
2706
8917
30
6610
1159
8007
2573
1591
1717
5822
1658
8340
5224
3436
7572
6170
8635
6565
3489
1534
1527
2189
8948
1911
4568
7502
4497
1615
4546
3597
3004
7265
9395
2965
2080
1113
4262
9189
5603
4207
6872
4297
1077
1552
1266
2678
5658
8850
8068
183
781
286
1482
7129
5652
4022
1460
1992
3822
2534
2127
7205
1994
4818
3390
4823
3010
1882
8147
9358
8933
7924
7261
6592
200
2927
9257
9237
2690
6422
4753
8753
6063
6843
5757
1569
1123
5648
7897
1637
9009
2503
7685
8201
5621
840
620
6510
3655
9467
6271
3800
842
3826
4214
8166
3707
3417
7104
7232
4083
5665
6523
759
901
2949
909
6348
1858
5030
1670
8167
7395
8764
7106
9083
9023
2200
6733
3018
7079
1966
6499
2786
6732
1584
9958
3556
2426
3827
8837
5039
7945
1108
1833
5307
1273
9751
6090
4895
6616
3094
5781
9752
3260
7733
42
5885
3735
5865
6936
20
8114
1681
997
3305
1689
8170
16
4607
5720
1744
6427
7734
731
8218
4182
3420
6333
4703
7162
8703
9252
8439
4221
9951
9273
6337
4410
9549
9269
4180
8366
9401
3053
8328
7814
3816
9131
5718
547
5693
5433
8672
9101
219
1953
9573
9133
3873
744
502
2390
8531
3344
7290
1832
5732
5357
6662
845
1063
7824
6178
4743
3385
919
8983
3211
6657
2538
820
9202
5803
6543
3283
8279
4409
191
6842
1861
4933
3954
415
416
6395
4097
1742
7731
2297
8748
9005
7547
3798
6445
4981
2221
391
9963
7015
4825
9792
2970
5614
6019
5449
4046
3925
4133
8150
6474
683
9515
9418
1225
7002
9480
8954
938
6738
1386
7023
7055
6986
6261
2096
3381
5624
9811
4108
8618
310
6813
6094
607
8325
2946
1515
5040
4227
1629
4333
6723
3239
9193
6682
2962
9415
5950
3526
6005
522
6444
1137
7001
8272
9620
7626
2702
6282
2073
4721
1053
282
5053
2811
5853
2641
1418
68
9380
8772
6026
7984
6997
5064
5963
3434
409
3002
3605
7591
752
9788
3007
4327
7706
9162
3815
384
5767
5514
4216
9471
7986
1990
5559
5210
4810
1988
4407
2029
6189
6513
1220
9154
146
558
6890
3244
4515
6443
1604
4928
5046
9987
9767
2939
1119
5385
1855
6049
5531
6241
2990
9092
3955
5534
2968
8820
4781
189
6417
7962
7904
402
6895
3582
1128
5529
7682
4496
4179
5513
3550
2964
3452
8577
3649
1240
1560
9530
981
3312
8094
770
3206
9578
8245
8532
173
6195
5419
7804
2871
8592
4679
133
5623
5535
2920
9739
9393
6859
639
5565
9921
1790
4377
2475
8924
3383
2075
4766
2908
7074
972
551
6438
9708
9178
5593
4033
8912
2340
6553
1492
5747
5387
7869
9710
2465
8270
2063
8219
5251
9389
7354
3261
4675
3900
8866
6856
9429
9781
4561
3069
4079
3449
7523
6599
101
4774
8895
9598
9653
4897
5995
9203
7540
1135
7099
1965
6602
3667
4587
4432
6548
7578
3429
8559
5437
9431
1350
6893
8171
7422
2084
2685
5406
948
4872
1172
9486
5640
648
2981
9983
4073
194
1788
681
7371
5386
9683
2123
3201
2930
228
3621
182
21
8960
3473
1968
6105
6230
7597
9376
9297
3932
2234
4915
894
6267
5289
8365
8497
9440
8911
672
9741
5857
8712
2521
7902
5896
4076
4058
457
7847
1037
5264
8206
989
5965
7169
1663
9981
8826
4898
7793
5637
6155
2622
7875
6689
4831
2616
9499
5824
7969
4930
4300
5265
4532
2914
4197
7738
118
2238
2467
7238
1138
1200
2217
4754
9263
2539
158
5869
7687
1687
625
4372
976
7528
4991
9560
2794
4261
6584
3148
564
5382
7222
5856
5178
2937
3909
9081
4477
5299
3780
822
9387
1139
2244
7977
2680
5913
5452
6672
4937
7178
4499
8327
401
7405
5635
6419
1498
2418
9375
9873
2388
4271
2062
6906
2735
3431
1166
7155
9407
8778
4433
6849
4505
3087
7085
56
9748
4225
884
7691
3734
6309
9835
9157
9684
8414
8332
3467
128
508
4008
1829
6345
6742
1373
9062
9718
1041
9887
9378
7750
8204
7558
5421
9993
1737
4374
6788
2374
66
9259
6298
1114
9980
2918
9462
2618
1727
4124
6283
2789
5711
9659
9453
8165
942
4790
5417
1945
1287
9027
9577
5661
3562
9916
2741
9191
6880
6071
4916
9090
5602
3393
3066
9821
8582
5119
7297
5044
725
9405
71
5943
8701
4303
7855
2019
1741
691
375
4378
1050
429
4692
999
2204
3263
968
9091
6200
1784
6537
246
6916
4575
8927
24
5055
1805
1943
5633
8985
3850
5533
6803
9737
6967
5290
8721
9219
54
5940
4401
136
3169
4339
2737
5776
8185
7048
5844
1811
5152
8385
3424
6962
1164
2304
7121
1801
8193
7484
9244
2787
9610
1180
535
6015
8143
70
5223
2188
4011
7712
955
5351
3205
720
1215
7215
3901
6065
398
4970
8937
4611
7938
3738
750
467
4071
5547
6993
848
5232
3219
7711
223
4994
9868
5616
8645
516
8090
6149
2070
9037
735
5679
226
3807
1740
2958
8275
359
7235
7703
307
91
8057
5275
6092
8930
5705
8957
7683
3399
6946
8296
3905
4667
7045
4811
3076
8183
3845
8784
9630
7444
6556
3933
8460
1809
8278
944
1572
5
5293
6612
2323
9589
3144
8095
7974
3179
5713
3058
5666
6653
7584
6262
6055
8086
714
6432
2422
1269
4537
4118
3779
3425
3360
4293
3294
6532
8426
5701
4686
9604
9505
4228
8417
4359
6771
2915
8440
6346
8308
8299
5852
9948
8195
4758
9386
3300
7565
5613
1881
3472
7987
5681
9364
480
424
1016
3854
6617
3325
8873
4712
9204
3160
7260
2121
7393
8938
630
4462
3844
5802
7350
6297
3482
259
8519
2025
7925
1144
7605
6845
131
9996
3043
3115
4634
2681
6594
6112
958
4701
2879
4601
4434
7131
1895
2613
8063
2601
9404
7372
5338
9536
1165
2885
7282
8558
9590
1950
960
5412
8584
8785
9044
6151
1415
1036
9960
7271
7221
41
4696
3926
1203
6685
7357
5132
9490
9033
7189
6180
1657
1120
72
6814
9827
2110
3943
8684
7258
9228
3269
1587
5576
3571
3754
2612
8367
6078
6740
8603
4549
6779
2528
1217
9159
4824
2040
1291
3825
6004
6755
6974
7776
4527
4589
5126
8562
5150
3146
2432
7724
8159
6103
4996
9772
8538
2402
5823
2447
1563
7230
2891
6720
8637
8301
4295
4487
5168
7504
4362
3759
3577
1007
592
9002
5496
6905
9527
6527
3077
3039
3495
61
2938
3117
9309
9973
1194
7116
4880
3041
9794
8766
6433
4422
615
7681
5259
849
716
2050
4336
1377
8093
7053
6524
5058
3231
6715
9959
3744
7017
7398
3619
6101
7516
4169
7993
1051
9685
8539
5927
9576
8727
6869
3109
1109
2241
8437
2593
2551
1248
34
2314
6640
3511
8677
9912
6960
9840
1238
8545
9587
88
53
6293
8027
8648
7725
271
3289
2780
2506
7781
9153
3229
2355
1048
6889
5948
1069
6850
8571
8431
5795
8904
6774
2210
1962
9644
2831
2504
9143
951
2058
2582
5111
3352
3512
1046
9621
8883
5827
5227
6256
5102
4019
3907
8021
7253
3761
9712
6290
8595
5375
50
746
7959
7140
7659
1054
6243
2060
1303
8116
5320
7916
4795
3930
3410
5961
7110
1713
9447
8468
3998
6937
9279
4042
4511
9236
2283
1802
9312
4503
6923
4471
5797
7928
7888
3488
7202
7694
7452
1082
8982
6469
2414
8859
2944
4773
3113
111
5826
9479
4535
4236
1441
9054
1753
2767
2646
4255
1781
507
5380
915
7644
1249
9689
2722
4633
2843
7876
6452
6308
5599
4953
511
9517
4413
4885
6344
8388
1345
4172
1620
9540
1679
4437
1690
3639
1206
7686
5708
8396
9643
2670
5112
9581
8564
5047
810
1676
4923
4016
1212
8689
8504
6024
7748
7348
4402
4555
8130
821
174
5487
1363
1823
325
4733
9909
4107
1318
1773
113
2671
3680
7272
637
3461
8661
5594
8685
4084
4680
7356
2425
4693
3682
8017
8947
579
5454
9270
3407
2923
3391
6326
9789
427
4713
2575
1879
1622
6406
4554
7807
718
5309
488
521
7792
352
5474
7088
3338
2334
167
9861
2637
622
8152
3672
7259
319
1455
2562
8268
7583
8939
6697
7838
2537
7119
8550
4841
1469
6674
6634
493
1668
965
621
5278
2089
7834
2099
2209
9562
3792
6036
6003
772
8903
9067
8140
4189
1115
371
6652
3523
2460
6971
367
6145
6324
9436
8243
5121
6134
6069
6131
8992
8451
4702
1336
7461
2023
4626
3635
940
4392
5519
4027
4102
1321
2453
2774
5597
2639
9619
7994
9014
6966
1568
3570
2273
9687
1588
2001
1872
4723
5735
6555
2357
5651
1084
2633
8080
7742
9846
2345
858
3906
6601
3760
1614
280
2762
1444
1199
5162
422
8211
2863
1160
4276
1006
6441
8963
8533
5425
3052
4778
6739
6748
7717
739
5942
18
1153
8614
451
2093
917
4393
1758
2132
6199
3945
3722
868
5135
7556
1205
1233
2228
44
8658
5061
7896
487
7327
5457
7191
9458
2775
4235
6530
9629
9633
8480
1977
2159
8662
9758
2753
4139
604
8284
7785
3174
4949
4745
1806
3839
9954
9747
5115
6158
348
3501
9196
9606
4126
7639
8160
2788
2352
9964
5962
8848
3080
3079
8156
8044
9108
8331
6115
5944
8399
859
726
7765
5113
3593
1227
3516
904
206
356
9669
3856
1702
4143
4593
8174
3287
8089
7562
8133
7634
4015
8141
5647
7115
7391
3177
2276
8711
7409
2682
8847
6198
327
3529
7999
6402
993
2605
8993
2610
8790
3700
3334
4609
2969
5321
3960
3308
5208
5549
8434
2809
98
5346
9631
2269
9513
5024
7383
3990
2471
2758
4812
8051
6434
9570
8730
6863
4685
6873
5033
6816
9817
8763
7661
4801
5829
778
5104
5888
3922
6280
6495
1772
610
9537
6918
6276
9518
8402
3023
8762
4144
4727
1247
3421
6829
4467
5269
914
9398
7031
4845
1632
1412
3463
3036
6953
1020
4958
7266
7585
446
3612
5967
6559
9927
8032
8773
4688
9184
5161
3976
6479
7721
9166
4130
1235
3689
2224
6233
3329
7958
8509
8409
5503
3255
8560
1502
9918
8196
6034
732
4906
8333
77
7988
2491
7652
3919
6020
9070
7473
7752
6790
5778
9147
4223
318
5037
9681
568
5350
3983
2978
5641
5356
1328
7989
8926
2419
5728
2440
9271
458
67
7817
3592
2450
3765
5836
7446
9883
7084
8787
5905
3623
2760
8949
2226
7188
9865
8400
8881
347
4947
1297
2822
4430
669
4979
7210
2277
4038
4468
2896
6607
8814
4829
8123
7762
4074
1570
5287
2295
224
4385
197
1906
3652
97
1329
8973
8418
9729
8888
4453
45
7886
7852
8392
666
8295
6000
5228
5239
946
5400
9574
634
9934
8516
5903
8782
1640
5585
4988
7190
7381
6291
9618
1841
1152
841
1766
6038
5149
6464
9997
2524
9686
6400
2999
4116
7399
9966
4224
2292
109
5545
616
6536
4860
3848
1286
8455
7412
8921
2792
7044
5381
9704
361
7234
7061
1033
5952
7417
8024
661
2866
6728
2335
8326
4500
3451
8136
5402
8028
3314
5302
2496
9426
4208
2118
7851
900
7608
4780
3677
8589
590
406
7323
2942
486
6224
2932
5388
5580
784
7831
1091
4075
5750
3321
692
6081
2708
4749
3464
3642
1066
4720
1796
6173
6481
5139
2142
9539
1984
3975
5081
2022
8485
970
7763
4705
6127
9128
7651
8523
1045
3493
7530
7324
4663
587
1475
1797
4839
7890
3044
6502
9013
3536
2184
2416
3601
9151
8835
5722
5332
490
771
9239
7967
3868
2878
3481
5011
1641
9036
4398
4092
9475
922
2743
1448
326
971
6935
393
2174
9129
2858
83
5676
2905
4683
1463
3474
9406
9427
6331
8338
4211
2051
7944
6835
9780
1989
2166
3200
4744
5453
9163
3187
5342
6051
2252
9030
5515
6901
5253
8824
4394
9992
5685
4466
2341
186
9218
4746
9268
6912
8934
656
7653
6399
6757
8481
2805
7982
1064
6273
8956
6687
765
2636
5590
5408
8359
8733
2457
9099
8976
2529
8801
9914
7527
1439
2342
4566
8078
9533
5109
9847
4400
9882
9396
1550
7379
9240
8413
6458
3923
843
192
4737
3251
6054
2213
9532
2950
9843
423
1313
5753
5530
2886
7645
3447
730
5550
4365
8807
3161
2321
1283
4483
2556
7910
1414
8806
7554
773
2904
1284
2026
1368
9491
9329
1920
6925
2139
9591
8192
4491
7663
7275
5415
4585
277
1664
6798
9096
8107
6462
7947
6301
3741
8404
6367
5329
6693
8608
2444
6248
7470
3712
3274
7105
3456
9058
5076
5721
3969
3912
6295
62
3181
8729
1759
531
6087
6221
1076
1150
5793
6919
5909
7519
8100
4657
9315
1720
861
1599
8298
6186
6059
6991
6968
3566
9408
8239
8
7965
6664
2198
1231
6846
1575
3333
9177
4201
5383
7678
8047
4752
5805
961
1457
8354
9317
8449
2989
4848
9655
2883
7068
8825
7072
2499
172
783
3908
7322
1202
651
6387
3701
5738
7715
8915
9007
1683
9473
7293
2484
9957
2163
6440
8691
805
5270
5234
5642
5199
7198
1558
4989
1261
9328
9953
9649
9845
5343
864
8970
6033
6528
9745
8122
5005
9359
2021
2365
920
5181
3295
7905
9691
3524
9801
6302
855
4602
8357
8813
1785
1538
4320
1625
2332
2360
1184
1919
8868
670
7798
6754
991
4776
3604
6544
4582
7301
6110
3376
8517
1264
4258
6439
985
4748
278
740
5766
4650
1014
4551
7612
6410
762
272
2431
8454
3866
8066
5902
8083
3411
2888
8898
6142
8599
2695
1501
6588
5209
9719
405
1496
8405
1865
6184
5379
6376
7427
3891
7247
7857
3348
6591
1043
7927
3614
4522
2586
357
9113
6928
105
5038
4887
6220
6569
9355
6023
605
7960
7594
5606
3714
5922
1678
2847
7342
6414
2103
79
89
8030
5300
8031
5692
2218
6896
542
4695
7552
8384
7161
4346
5516
8612
755
550
8397
8403
3136
9709
5163
2676
1821
5520
3166
1094
9001
7362
8254
7081
7710
3406
9625
2829
1140
9634
9680
363
7884
2776
2832
1462
5255
3155
4321
1389
1700
3890
7340
4920
2385
9809
1107
8148
5577
3884
6786
3272
321
6747
1877
3375
7158
8334
4610
2650
1924
3666
5524
3527
5190
208
9107
2727
6629
6310
5043
7592
7866
4429
947
2202
1411
6586
1181
6583
3284
1603
8877
1605
857
4903
2059
6077
1836
5486
7304
2803
4973
2600
5974
992
3143
9508
1080
9859
2917
6082
3704
4940
1520
1055
9889
9881
8909
5834
22
4962
7836
6665
155
2404
2522
3275
6882
1100
1709
4024
518
7006
6146
4955
5127
7318
3746
4662
5904
1845
1540
7650
4185
4198
1148
2331
8738
4
46
7570
9306
2935
9593
6299
2693
8731
7498
7050
9711
8352
6223
7512
2595
3017
4576
5166
7252
2208
4736
9724
5405
2700
5850
8714
5485
7541
9723
2643
6457
3802
1849
1672
6166
1860
1900
4166
84
9784
530
4694
3694
8411
596
4013
6361
7011
6122
7956
835
9489
31
6817
6286
5261
8594
2598
8425
4892
6508
3673
47
5497
3216
4948
7818
1124
4469
7054
303
4168
4498
7704
4625
5907
3634
3820
5373
2267
4141
3855
2892
3240
2591
3049
6961
6777
3408
7375
285
5563
7799
2449
323
2325
6792
5799
1374
8470
2396
2220
7294
3537
3952
2738
6709
3589
9968
526
613
9816
7689
7082
6138
8246
1178
2508
8271
2635
5832
3544
2719
9383
3121
3366
6690
9042
4510
4440
3120
2988
1408
2779
3793
2223
4289
4330
8710
5916
2148
7291
4543
6091
7183
5557
3824
956
7921
4163
3877
7216
4772
2897
121
3347
9628
1052
6743
9015
5517
5103
4086
4978
896
5934
8633
4894
684
3056
1531
2865
6945
8547
1405
2752
6868
4006
6425
6983
3770
4847
4644
2814
5749
2239
9714
302
291
3014
5331
8466
7192
7089
69
7716
8688
9289
5294
9182
1440
7581
2219
6315
6313
7981
8565
8394
9344
4985
4256
1044
4448
8997
5830
2452
7172
6749
1529
603
8634
1743
7113
6072
5796
2391
1086
1167
4755
6318
4987
6574
6484
8742
606
3543
1631
5085
7426
5080
3683
9173
8415
4976
1775
6211
5650
2424
1270
7810
5876
3663
5091
2339
6172
7874
1662
6973
9047
554
5864
3033
5323
6226
5494
8289
6421
4777
5675
3025
7397
7020
687
5242
8226
4837
1097
7677
7211
1516
3814
1754
9206
1126
504
7525
2948
5455
8287
9346
5191
1971
9975
7576
6382
8530
2442
7908
6278
1078
6010
6285
9482
9922
1298
7906
3189
1132
5193
8885
9601
6450
9553
3409
7083
2790
2895
5057
2008
5298
6719
2410
8611
5512
1362
561
3141
4975
795
8039
9443
5430
1021
7281
5450
412
2264
2597
8005
4161
8891
6505
1621
7410
1507
3373
2838
2316
3732
7457
2178
6385
4782
4405
2850
3819
5067
9274
7573
9439
8740
8347
8407
9915
9832
7673
5871
2769
9858
5031
1905
5736
1026
7513
5479
4095
8128
5001
2233
5352
410
1252
7120
3015
2285
2587
7922
9755
2893
1493
6775
6562
6638
3266
4514
2825
337
2237
2322
3182
597
9743
8967
2054
1916
3801
2346
2540
549
9759
108
6021
414
6730
3082
1421
9262
891
3782
3862
8477
4630
5838
685
7589
8452
1301
6037
6649
1967
5172
7246
880
9074
372
2082
3151
87
8744
6053
8393
2807
7300
7418
623
4969
8631
814
9979
7778
5222
9738
3525
5292
1556
2876
1358
4371
1896
990
4069
1087
7016
4040
4264
760
5746
13
3731
1762
4343
8751
8771
2265
9786
4242
2778
7588
6854
6327
6356
7075
2214
1853
8406
7595
1935
2281
2041
5105
1490
9362
1656
316
8420
9305
6840
1875
3860
5815
9112
1930
9310
8554
403
8585
1331
2165
1820
2195
1831
2
8151
7447
9409
5470
4518
9020
6558
3369
4279
7568
2576
6795
7868
9156
5500
7018
5071
339
202
7970
6696
2393
7195
1344
5810
8952
7254
442
8520
4122
9902
3356
7885
2375
3903
1211
258
1382
2936
7236
4193
5327
9841
8544
7549
1435
7723
7638
4911
4138
3282
1933
7853
5983
1878
4559
9104
3595
7373
1221
2757
7349
4104
3358
754
9814
2235
6857
779
3124
9336
8886
4642
9736
9614
1334
2171
1089
6364
1590
7111
617
9933
216
2272
9624
9946
8842
3962
4159
5945
2229
5465
3968
484
5539
9190
9335
8702
6525
5784
7872
7277
2542
931
29
9956
1978
612
1701
5985
7343
340
3585
2984
6008
6988
5646
4767
7709
6899
7797
2230
6161
8923
7150
5525
8601
107
9551
261
5579
7934
595
4269
5165
1960
4581
5042
8527
5009
3508
1883
2674
468
5341
9702
7657
7759
6952
76
8172
5021
1092
5472
3980
7174
4700
1157
6763
3938
9663
331
733
4785
6955
3319
9354
6643
4292
1610
6208
9028
245
3164
8591
3910
6079
9661
1288
7535
1093
1500
7603
2109
4516
8760
7445
5958
8802
9976
4382
8495
289
9705
417
8935
2953
7459
5159
7458
2907
9082
4803
7700
4842
2638
4302
5578
7672
974
1355
3627
4853
6489
3389
2443
7848
5203
263
2554
7400
2544
2631
5422
785
9493
9455
6430
1485
5219
5742
7369
7005
6917
9838
3242
1236
1388
2458
8178
9051
9241
7180
851
8176
7338
7505
5569
659
9318
5556
3209
9255
3345
9146
9571
6700
8996
4999
7387
7103
3778
1028
4194
9275
4463
764
2579
9266
9615
1941
5318
9666
6182
2124
9773
6237
5919
1907
3318
3134
2122
8812
4114
9725
5841
7942
3046
7951
4936
4245
6411
9810
8863
3564
6128
4862
6714
6964
5592
3506
5213
4244
888
3928
5775
9892
8315
8551
150
8693
1158
7317
461
9913
3842
1241
638
1553
7392
544
741
5488
3111
2800
5010
9716
4764
2675
336
3972
6193
5000
2827
9674
6277
7004
2470
3837
2006
8003
3384
5063
1230
5308
9947
8568
252
2846
690
4367
8692
6831
7893
7355
5617
7640
6153
4123
8464
8202
314
7268
3838
125
4734
2187
8657
2731
4354
9926
1174
5991
6141
5456
3931
8250
713
428
9441
1732
8950
8946
2398
7532
1652
176
5723
9988
5353
3435
6938
3258
3440
8893
3316
2810
43
9731
2052
2861
5839
7428
1768
8453
434
4146
2512
5542
2451
657
249
3624
4594
2801
9866
7132
353
8235
9071
106
8849
8351
4257
2919
6225
3913
7985
4631
1143
4217
4540
5938
4859
2302
4196
8286
4858
6201
3458
8774
9374
1478
8767
9446
6062
3457
4317
8370
396
4098
6636
4901
8840
5032
2894
3191
9967
8467
8769
5978
2473
1545
7929
5073
9824
7207
6216
4579
8307
6252
7319
5154
1360
3921
4674
1071
2176
1383
8959
2658
6897
5873
1468
5915
6117
3982
5296
3328
4135
963
2366
1931
5674
3725
2818
9974
3003
2642
4800
8836
882
8620
3149
2251
576
8679
6587
8665
2912
2324
7819
28
987
5475
3214
9511
9342
562
5632
2845
6582
545
5928
3186
1450
4049
9413
230
1426
177
1719
4873
2555
5082
1898
8042
4304
6956
5551
5060
8610
8129
8639
2507
1079
6891
3215
8380
9935
127
8546
9962
3465
6449
1903
9506
6998
3162
1835
6099
1192
9930
9558
9063
93
2751
8834
195
9796
3265
6920
7918
9857
7442
5668
3386
1646
2647
8037
3038
7123
2992
4090
5048
7102
4002
5754
2498
7615
2117
7616
4889
19
640
5897
1340
932
7747
1714
7062
2940
1040
3656
7480
8979
5429
2146
4397
6758
2922
8091
7907
1638
2107
23
7213
1642
5700
9382
1015
9651
2740
1103
4369
571
9288
207
1748
2038
3394
334
5207
3892
2749
2280
867
2729
2359
7279
2065
1376
7774
8526
5833
6257
4941
5709
3427
9514
5518
5595
9777
8654
7047
572
4741
3513
134
485
8704
7648
5677
7043
1799
1146
7219
6288
4632
6050
872
8189
2717
5507
7289
3957
1509
7933
664
642
8395
6989
1771
4111
4325
1934
7766
6914
8222
4030
519
5846
3599
7510
9876
5894
329
3089
6979
1695
4190
7823
156
1427
3016
9839
1969
8067
6129
4043
9945
9648
9746
3430
6321
1271
4730
2704
4669
1922
9075
9970
8276
9087
1117
3832
3297
4238
5306
3104
8777
1480
450
3818
4094
7133
1222
5887
2975
9428
7825
2672
4971
9522
9243
7619
1976
4641
6057
5358
2333
8256
3152
804
1902
1938
4708
9774
2290
8113
4643
8248
8724
565
6108
9700
9286
2197
6942
7633
510
5982
6323
5710
2520
120
1761
7675
8980
5868
9682
3840
2966
3973
4282
4091
569
123
3637
1062
2745
5669
2849
928
7865
2815
7321
7506
6726
7753
3026
6311
5748
4605
6272
1739
8625
4312
7308
2408
7026
59
2420
7690
8713
834
5117
8723
8632
8816
2924
1497
6231
9676
9949
3499
5098
5072
6390
8636
2716
92
2951
3047
3486
1196
655
775
8789
196
8180
4547
5733
7402
1650
8832
3777
4673
420
4115
1056
1090
3766
748
4376
7138
4474
1947
5257
7737
5724
6353
3540
273
5008
1760
5906
9367
4974
4798
8874
5672
7887
9541
4488
8055
3581
5611
9251
5478
4239
3781
536
3400
7949
3480
3365
1674
5819
6107
5151
5615
2012
2131
3615
7127
6380
449
4731
9693
4881
9492
2552
369
8752
1710
4637
1904
1032
6016
267
3644
952
5462
351
5157
9430
4661
8941
8690
9282
4053
2141
4039
3942
3698
3790
9127
9692
1112
4348
324
7100
7972
5427
4366
5390
1088
257
204
3996
4639
3419
184
6712
2191
9419
9494
6363
5271
7200
7278
6334
7537
4439
2152
5177
9110
6143
5254
1770
890
1985
5969
2009
3196
432
8905
8910
1979
3374
2286
1643
455
7529
8602
6783
7469
4045
4268
2363
4288
5800
7201
5993
7233
4136
8823
9617
6383
9529
2196
3947
6185
9955
3505
1268
5155
6694
699
6684
1559
6691
6320
4612
1265
8670
5062
3503
3775
1667
6169
5908
3490
8319
1698
7455
6572
6647
2621
7586
8312
7937
826
5702
8076
9295
6305
2417
1330
2486
5791
2101
975
7204
1190
7151
9221
7149
5035
7396
790
830
2315
9423
266
9198
234
5612
694
7078
8673
5340
5532
8282
674
3037
9727
7474
494
8616
5396
2971
3185
8722
1295
9420
6517
5118
3978
6541
3092
2699
4826
9722
6319
2898
4900
5960
3949
6340
3137
6480
447
7996
8700
1337
9829
9040
5095
9451
243
456
7543
421
4149
3208
8290
2034
3847
7587
4536
2147
7315
6785
9384
3220
3090
7051
160
5258
3747
3658
9150
4004
3070
2477
4857
2275
8280
3281
6162
190
7758
8906
2644
6815
929
9337
5354
214
2361
3306
2232
9379
4475
4005
8244
4023
647
4347
1357
5131
7227
9260
1433
8682
9501
373
2890
1876
786
2247
7991
3773
288
1510
8613
4427
6493
8754
4807
6770
6633
6446
2407
3050
6867
8001
9609
4066
8944
6
3752
7171
5160
1532
1747
9764
1697
2134
9093
2511
9385
4277
5939
2873
9555
1847
2840
100
4843
6514
2649
984
4691
4251
3446
9848
9833
400
9118
2312
9938
6080
3591
2567
9417
3703
4959
4993
9175
6660
3423
3500
3876
1049
3379
852
727
7186
9220
4786
2899
893
806
1257
6269
3864
6279
3899
179
1293
1544
1384
7209
5359
1703
6466
4765
5601
1597
1367
1789
776
7613
7080
9874
3671
4838
2916
4270
3745
7882
8313
4050
7873
7895
3504
426
3626
7514
476
3212
3354
6501
9293
2500
8989
5680
7384
7368
7107
898
7955
9055
5003
5509
4671
5183
7228
9936
7034
7971
9544
5755
8503
299
281
8869
641
6304
6490
4932
2707
2287
5698
4946
1013
4156
6060
7898
4613
8880
7093
4865
3405
6468
8459
5686
4624
8213
1294
7493
8324
8942
5987
1822
4110
8501
8630
6663
7430
6977
4760
1749
3188
4584
2979
8622
9334
7475
1474
5416
8649
5316
4399
6219
7328
2929
7049
2133
7845
5006
8552
4668
162
941
9278
7647
3034
2483
7561
9045
4444
2630
11
4757
448
2596
8242
6701
5399
212
153
1521
3567
3696
27
365
1602
4960
3159
6692
2686
1170
9120
6762
3422
7499
9667
5054
4307
7606
6157
9512
6244
3755
2151
1312
7550
1731
1406
5084
5344
5931
8775
9332
3237
413
4855
1671
1483
693
8264
9754
4512
8154
7520
2813
2721
2501
6576
7844
3184
7033
2464
5670
8137
7764
8179
9652
2299
1348
3175
2744
35
5806
7604
3849
2313
9994
1042
5973
676
473
8139
1381
9377
2356
7206
1721
2834
6669
3917
1948
680
7136
902
6892
3805
4583
5956
7406
7811
7496
2353
3628
362
6864
9717
1354
9886
4167
9186
600
39
8581
2462
6137
8746
1777
782
8008
379
588
3020
6336
6832
3459
5411
3739
7524
2994
2201
9599
8073
2998
1964
8737
6875
4240
583
1846
5438
5921
5187
4464
4316
3609
8267
4816
4379
1951
3870
1598
818
3163
5128
8484
4893
6040
2478
1807
6168
7491
3401
4828
6751
3861
3834
3557
4000
4864
5628
199
9119
3304
8015
1276
8918
8680
650
4797
1299
9283
7975
1263
8887
8663
9639
7883
236
829
7767
7037
5825
9402
962
594
4151
1121
8190
7483
4717
1525
9021
7806
8322
1106
7912
3278
2833
463
6707
1272
6658
9246
2987
4806
2993
8269
1396
5335
9084
2262
2328
3222
9597
8304
4272
4502
3246
4562
8878
9412
1315
7536
4219
8872
1175
2726
9856
5849
9465
1446
2309
5620
2502
1593
5537
3836
813
2611
9885
3213
1471
8321
798
2140
4406
1626
2765
8664
4178
2120
170
5444
5201
4121
2906
1073
1332
1654
4117
3351
5730
2249
8145
8995
4552
8377
797
6793
8791
4926
7526
5521
3439
9650
5866
3402
2289
6312
6756
6750
7660
315
6373
1982
7394
8652
862
443
4714
7821
7156
1840
1333
4875
7816
2580
3894
7609
4805
9854
3194
2474
2783
2167
2691
5591
3927
7979
7559
887
8889
3377
8097
4966
1274
1370
6214
3073
4822
7802
9524
7086
2983
9356
4443
175
5986
8261
1628
3437
2488
3224
994
8491
9468
9205
7007
1003
1612
338
3616
844
6752
5180
8273
2466
8034
2526
9535
1254
6398
4573
6017
9164
7727
9348
7303
8971
26
2108
7432
9350
3324
6675
6070
3127
599
6354
3916
7431
4089
6713
6980
5634
6943
1601
4711
1300
6228
7124
4699
8734
6884
2270
301
1267
2662
8109
2583
8916
4037
8000
2608
4968
3886
3309
7066
6557
2104
3065
2282
1031
7718
6503
5892
4237
712
8739
3011
6621
3548
8984
3487
986
193
2077
836
8062
2245
5996
7728
4771
8446
5238
3611
1648
6314
3035
978
470
4871
4742
2819
8574
3131
4832
2710
330
8111
1793
8125
8381
4517
8781
9094
7623
9920
7433
2354
567
9636
3833
6787
3992
3123
4586
8510
435
3767
9503
9187
4722
3099
5743
5143
9645
7815
6644
9871
2797
7249
8230
9425
1491
9733
1419
2841
6405
6605
1980
1187
5049
939
6229
2550
8718
8817
1183
5245
6825
2533
5760
4588
509
9602
1207
1168
743
7961
3477
6014
9797
7173
8482
9292
7649
566
497
6413
5371
3396
498
7617
8398
1787
8469
3813
3298
8972
9003
5141
7743
3788
8310
3462
5360
3158
6515
9556
161
6794
8386
6735
6976
7899
8199
4775
5600
1105
6437
3454
9605
64
7077
6238
5840
4025
557
8756
2666
6824
7610
3727
800
5288
3710
178
5643
6007
1464
5235
2379
8350
2997
7600
8735
578
1619
8383
559
6804
7314
6194
574
5808
6828
9476
1816
4250
8919
4508
4113
1818
5158
5211
8362
6631
5684
5482
4783
3432
2337
1850
9461
5587
4919
6753
474
7614
6378
8846
3496
3598
5883
8337
6533
2515
5179
9564
7003
1722
3829
4716
5196
4618
877
1659
247
3372
4280
7545
9248
6463
4353
9567
7784
3757
5366
8368
1454
6032
7795
3139
1547
7274
6461
2853
9586
3872
2728
1494
3218
8853
7421
2318
8875
36
8378
139
6409
6187
3534
5147
2614
3478
9707
8049
3970
5745
4687
5230
6904
3669
3268
5197
1057
482
6982
9925
5015
4103
3674
2725
5087
2804
1940
2747
8382
2002
8489
2921
6736
7454
1557
6972
4233
7719
5977
4493
4595
6035
5719
5694
306
6888
6177
4954
8098
796
6844
3122
8050
907
1030
819
7257
3535
696
9775
9213
5835
3881
3984
4457
8112
5106
9195
4218
3081
1541
3320
8788
4912
6159
8821
3517
9277
3883
8456
8925
2336
8082
3764
6767
6325
6535
3291
6924
609
646
1854
5125
7135
1783
8266
1393
8194
9433
9267
9897
8569
360
7693
3150
537
1424
2136
2389
1812
854
5052
1970
4018
9200
9077
7891
6006
636
2071
397
1004
1102
9258
950
2112
2733
2190
6379
82
3233
870
2798
6386
2177
6808
1347
2115
5899
788
8499
4081
4112
3225
5932
7679
1002
1191
2205
1645
1425
2651
9135
6031
2756
7931
3006
1817
9778
4728
1649
6852
2530
9790
7139
1244
9148
8579
2064
2945
55
8181
3841
8707
2078
2590
7943
7698
4945
4608
8168
3875
1443
4918
9410
1910
6371
2088
6389
436
6335
3633
9872
9568
4563
678
4363
3091
5019
439
3494
9969
9
6593
6741
8209
5414
6045
6347
6429
5872
4560
7144
2960
4629
7177
2212
8263
539
3676
3668
4678
9041
8120
8920
1025
3579
9137
5546
3296
5688
4158
7841
1098
5348
7097
2701
8655
1022
3572
9771
4174
3502
5263
3958
2581
5848
4265
4352
8666
1707
4867
3057
4820
4704
4877
8436
1327
9766
7557
7270
6834
3301
1914
7500
9822
2903
4259
180
227
1338
4461
9235
7063
7486
9763
769
8864
9138
3404
6932
9324
7655
4851
4718
2482
9245
4137
1188
6521
1715
9603
2947
3662
5678
6600
9554
8088
5687
8543
8224
9999
4735
239
4072
4056
9893
6196
3726
2653
4017
9563
8749
8447
2955
8623
9726
8732
3315
3961
1213
8765
1961
5981
3071
7973
753
5313
9623
7429
2098
6874
6022
749
1125
4350
2358
492
9056
4412
9985
2301
7059
2820
6963
8092
4340
7414
2162
6704
3640
6247
3791
6768
1765
2688
7424
9106
4997
9641
392
1224
40
6791
6630
875
5089
7163
9253
8969
5267
4697
7667
3811
5148
4266
4087
2433
3706
6123
9140
7056
404
5495
5330
763
1708
8809
3491
279
6876
7341
6093
3475
8799
9089
2599
268
8706
774
9330
9069
9444
8650
9732
3317
7990
7146
132
2068
7877
7423
9855
1918
1546
3226
8647
2371
2604
777
2648
3426
9706
9066
4131
815
233
3170
7276
297
9520
1476
4541
6154
6258
988
5744
6317
4319
833
4539
6819
9043
5467
8750
9756
2181
9308
570
824
7098
3681
5861
686
309
3479
9216
3197
1609
8709
6900
7248
5185
8669
850
9006
8251
1234
8096
6563
2199
1607
1972
4199
1226
9580
7923
9877
389
6351
9977
6191
2254
1751
6338
3590
4698
5256
9878
269
9165
7109
9579
8300
4876
6930
7069
8829
8233
4504
9035
7580
5410
1613
1060
5244
4337
6160
4315
7680
3538
469
7390
4572
7548
9060
7684
2382
2956
9304
440
395
8928
8964
7264
454
2376
7509
4381
9249
137
5858
5029
9276
4808
703
4524
9391
9183
8590
3364
5236
4521
9046
9038
3787
5493
9523
2900
1465
3153
138
8506
1618
1262
7859
6215
2527
7730
6459
4186
4977
9029
3587
6119
2083
6456
7602
7407
2161
9050
2531
7980
3715
4447
6990
8487
2298
635
1886
4827
4591
5925
4220
9351
5506
3355
9908
4411
2017
6355
9961
7363
9742
2663
913
5716
3349
3441
99
209
7952
4534
8483
5156
7643
2257
5734
7654
9449
5376
5627
7860
6391
7826
5205
6027
1561
4129
4658
3173
1675
4682
9357
2048
32
1289
9735
789
3723
5879
7425
3468
7858
2626
4600
4963
3971
6858
2698
5990
6183
9290
8793
3665
899
1897
8573
3370
8318
8512
7263
925
5229
6164
9088
6471
2436
2514
9450
7000
660
7939
9989
354
4654
6144
7482
7092
8104
5831
5468
3977
4870
3498
7239
2732
2319
2543
8907
8099
4886
2768
4254
2455
8441
6711
9596
9542
4719
4035
7467
148
4029
5315
4070
8035
4995
4770
483
2961
4992
9019
346
619
8323
8043
3228
5312
3889
6473
8069
6885
4449
2868
2294
3203
5490
8101
4646
9924
5333
3740
8257
5027
9495
3911
4306
2011
8828
5435
2125
4020
2169
3985
930
5339
5337
1733
7708
7460
8197
5622
7662
7382
9928
8955
2303
145
1118
4681
9749
9325
143
4833
9457
2624
957
6113
8805
9870
1843
1275
9952
2532
9890
5769
7749
3270
704
2300
1186
255
9105
1155
9321
6802
8127
7419
6909
8534
892
6957
3613
7479
1407
4283
3273
2308
2373
8240
4287
8528
807
5314
9361
7863
460
3986
7125
3797
2284
2074
8488
6635
7932
5065
7485
3709
8699
6820
6506
1010
8184
6497
6847
935
6360
7953
2427
1277
7900
1477
3241
1685
4956
3264
2553
9111
6512
3904
737
3809
1359
876
3729
4263
9437
8221
6240
8624
6944
9172
3629
7696
4334
4961
8117
4983
9123
7812
7488
7840
275
7881
6330
8419
5279
4370
5014
9779
8025
9144
5145
1868
6416
5295
3679
9972
9941
1503
231
2746
1430
9416
2867
9919
6965
631
166
3645
3290
9301
1567
1917
9102
3568
4990
2974
2207
3288
452
7757
1932
4080
2126
7269
3799
5845
3331
9223
6915
8641
1085
9830
3719
7521
9642
4635
8416
5859
1611
4152
6718
1470
3514
9233
4290
2857
4010
441
832
2268
4492
5370
9256
3450
4308
477
5286
927
7843
5756
1342
2258
2307
8234
8305
8108
4387
2381
937
5130
4310
6761
1635
496
5305
5123
1826
6028
1921
1862
1926
2087
6679
9333
4927
4281
6234
5310
4140
5218
7389
9910
2821
6013
3576
9010
7374
3326
4028
7153
4931
6044
5108
817
7809
4620
780
9875
5917
2044
6778
8676
4063
8770
2870
9504
3937
2991
2222
8776
7976
3140
5480
793
313
1281
5782
1260
5607
8968
8444
1824
2240
8786
9622
9697
80
1070
2882
7184
6903
3532
8023
9018
8045
1472
8349
2411
8014
5540
9813
580
1665
695
7345
8683
9368
8423
3001
6491
7913
5274
4636
2349
1065
4106
4175
4909
5401
8668
8486
1870
4285
4478
7336
4951
8026
3979
164
6492
7041
4628
3332
4252
8146
9222
6807
8260
8317
293
4599
117
5980
9254
4428
9787
6848
6596
7126
3920
12
9584
8757
1442
8173
3751
7739
4021
3659
5122
2031
8600
3728
8077
6656
2368
923
7894
7331
6681
6292
3941
3397
4361
9901
4202
3831
3280
6575
6780
1857
6959
8870
5093
5146
5252
4142
2293
9400
3620
7025
9474
1825
5170
2236
1993
103
4652
5473
4425
9296
4558
7187
5804
7166
5418
7010
5860
4062
575
9701
6894
7335
7546
4850
9923
3660
2546
9768
1804
7607
6204
1229
7013
5068
2469
8852
37
6570
5882
1075
1012
4424
2111
4267
9064
5237
9272
4799
654
1390
4446
8498
4878
3880
1551
5798
6881
5941
4779
2018
1937
2877
7495
5560
7782
9896
527
6306
4007
5397
3622
2263
9750
6818
7878
6805
6671
320
6822
9690
1416
6838
2632
9116
5120
1842
7656
1734
8575
8457
6096
8265
3929
8314
9899
2518
3632
8508
4998
2673
2086
6801
5291
9867
8549
5777
2092
1915
5078
7476
6622
5028
9141
9818
7042
135
7237
17
5697
7032
1890
7240
1216
8164
1209
7157
5013
1279
5303
3915
2485
5355
2617
7813
6431
6073
9627
5094
4882
238
5992
9327
5395
2079
4660
7879
4763
6567
5790
9502
1813
3796
3606
7507
2911
1000
711
8019
1346
8505
9463
8998
2327
3128
7128
8432
5657
9313
2973
2830
2754
2881
5588
9585
9699
6870
7735
8215
5460
4431
1998
4724
6190
1074
4751
5423
5110
1339
1517
9478
4001
602
3257
5739
4395
8144
8479
2364
2020
3843
8102
5870
6066
3256
9982
7344
3638
8162
2668
2274
3940
2572
8945
6646
3492
6167
4868
6737
1549
2571
2497
2343
4230
3485
5451
662
5036
6907
6477
3083
791
7295
7839
4458
4456
6549
7889
2516
6156
1127
2437
4210
3145
7464
9322
5725
407
6992
6209
5568
1973
6268
4455
8373
308
7624
1942
9454
2513
6623
3530
2559
3059
8861
1400
4965
6910
5619
1600
81
866
6135
3133
6571
5447
871
5426
4364
7326
9900
5377
5445
9496
6086
4445
8390
4479
4964
5368
1035
6509
2494
9025
3388
3763
1688
1571
738
8433
3810
9155
4869
2193
6507
5431
6442
7574
51
5004
6534
9995
8013
2694
2227
5441
4067
6823
6706
969
1543
9543
1901
9565
7038
652
8009
3997
6046
7992
9820
7468
4260
2589
5041
9331
9860
5891
2288
5947
6116
1767
8913
8022
5169
6539
1161
6041
2976
1837
142
3171
977
1959
2039
256
4904
1548
1893
4529
6668
6776
9911
1316
481
9757
85
8004
8882
6782
8208
8876
2384
9932
6809
7401
3395
7179
6403
1402
3167
3580
7145
4821
9728
7212
8345
9432
1712
5548
3130
4614
8297
5631
387
5649
8897
9214
1259
6111
3105
3259
1981
8867
1776
264
3863
1913
3380
1156
7773
6316
9320
472
7337
1892
8048
4309
7436
8175
6716
2027
3993
1218
9552
5589
171
3852
5026
8110
7789
3897
728
9608
3974
5522
3085
8908
475
7012
9785
5772
328
9212
2791
7359
6011
10000
7751
1285
3210
7251
2709
9762
1456
3235
846
7377
3607
8079
2980
6516
9638
1810
643
2566
6294
1379
2310
2164
3180
4486
7903
5575
7309
4982
5260
8728
4305
495
608
4164
465
4460
5248
9052
2016
9664
198
1957
3135
828
240
895
1651
611
4580
6396
8292
6721
5272
6206
2588
2090
7019
3350
6126
3995
8708
9695
6121
6274
7022
9660
8153
60
2157
998
6810
2661
5572
5476
4750
5394
1282
7223
8628
6250
8012
8320
86
6578
6860
4528
5639
3100
6329
6784
5446
3067
6708
4523
1380
8445
8902
7437
4489
2248
1827
8262
4184
8896
7926
3310
8609
1398
6239
5088
8046
9937
4077
3664
6254
3277
9201
6878
7627
3771
3583
8958
8644
3147
1729
5536
9836
5740
5175
9665
90
8435
8844
2986
4676
6067
3509
2007
49
7435
2640
2383
2128
5929
1243
1955
4768
3335
766
1397
7208
5994
8638
2053
5813
8627
1834
9831
4181
3948
2183
1894
7871
7517
3647
1001
1573
7629
2061
3533
9371
6839
2351
3730
4155
4519
4530
9307
879
2759
8016
3285
4476
5544
9895
6174
9053
722
7790
618
4059
294
295
5751
6357
6246
4550
9281
2472
3560
8931
1808
78
1341
3413
3029
1290
2024
2812
5966
4640
8678
1792
689
6478
2253
9616
3964
4525
911
4047
5200
2578
4942
1830
8036
4234
1995
5598
6939
1343
6163
8237
3415
9654
6148
7699
2972
577
2793
1479
2003
9812
8535
8081
8705
1756
1177
7915
2734
2565
3061
1018
6729
7182
6412
1750
4451
2926
4902
7920
3896
9600
2652
4088
342
9569
1210
6397
4162
584
2397
878
586
6855
8615
3558
9656
2703
1682
1428
3247
4507
3924
4213
4055
9057
7311
2645
8163
9210
6552
9230
74
8838
3690
6800
9103
5862
751
709
3387
6300
2428
3361
6307
4729
3460
5195
4548
2106
3988
4759
5809
6483
110
1154
3040
7901
7292
3470
7783
6789
5499
6950
3750
4454
9804
4659
4465
3553
5369
8994
6482
1848
2330
3600
7754
734
5284
1909
2806
6958
5691
3784
1925
4835
2523
6661
6547
1653
2211
6235
6933
5221
1856
9984
5984
5695
4404
7028
6648
6866
9445
9121
1634
2296
124
5498
3330
6538
4323
2094
7770
8461
9481
707
5439
6641
8053
9403
4286
8780
8379
4670
2660
2180
2097
632
5582
1058
4914
924
8363
2032
3846
6577
1996
9174
4031
2683
8157
706
444
169
8458
3705
1536
8341
5664
9016
6683
459
4173
1755
6931
4513
2943
7181
5699
5662
7722
6766
3641
9800
7948
6590
1322
385
5604
8567
7463
8596
7453
9929
2535
2715
8375
1486
1958
4274
283
1880
6934
8421
8720
144
7805
5554
8478
5555
1179
9769
4338
4852
1522
7771
5167
7864
7471
5505
1445
7346
8901
523
9136
4480
4384
2925
2153
7582
1176
6296
9485
95
8476
3520
9730
5726
6561
9234
8687
6375
6207
2655
1542
4598
7194
2100
225
5424
4313
2766
5788
7090
5134
6941
1514
8553
6948
4556
6133
5703
1256
5466
8252
629
524
8236
8515
874
3879
3340
3021
794
4349
995
7185
3596
5012
8795
593
5863
582
8745
8074
8768
1851
2114
4436
5074
3510
8932
2172
9869
3433
9311
921
8291
431
3019
2860
3445
7720
3959
6529
6236
2928
437
3337
5660
2421
2320
1562
9672
1859
4318
4567
3918
9004
122
6470
4495
2723
6265
3946
801
8626
3110
2795
3685
2173
1245
1884
9302
3207
6289
1581
1371
1928
1691
5851
5970
2076
698
5051
5854
7692
2755
5192
3190
5918
1481
1361
290
10
4278
7930
8229
2913
4200
8961
8306
6688
7193
1185
6120
4846
4520
6259
3129
4157
1458
934
6551
6095
4243
6598
8200
3648
6056
729
2629
8106
5890
4490
9026
5502
6673
1844
1752
4195
8131
7280
3271
1429
7697
8800
7130
4450
8557
7842
5771
8975
5935
644
2875
6039
7508
2278
1887
560
9085
4769
8686
129
5807
8302
5645
4689
3551
438
1453
3944
2770
591
5184
7631
7008
9231
8587
6613
9365
1661
4665
1449
2687
1307
1564
3857
3830
1730
1630
9546
966
9488
4041
5923
4078
9632
1579
5759
4756
5007
237
7560
3060
8033
7611
4482
8430
75
9472
7636
2338
6628
8524
3756
8064
2395
1306
4414
471
96
5972
3586
4426
7632
6404
5374
3653
3736
4615
2824
5552
3027
8593
248
1944
3466
3721
2692
9285
8115
7283
9670
5077
5403
6999
8656
4299
3414
5898
2536
4248
8018
9034
4526
2043
6731
2155
8580
5090
8542
6058
1369
4967
7250
9421
505
140
6836
7914
6460
2105
3934
6830
4311
2072
2434
6603
3022
2664
9497
4863
7489
4725
5812
6392
1677
4565
5737
3956
6871
453
1147
6984
149
126
7351
6699
7846
1711
433
1566
2634
2828
6012
6175
8940
3531
9411
4896
368
2279
7746
7465
856
6865
5988
5079
7830
9180
2564
5957
3951
6281
8858
7367
4656
4815
9369
8371
9944
6339
5609
9319
1410
8819
9819
7940
2763
9000
1351
9366
5137
4054
1459
312
4481
6545
1616
7646
5878
491
6951
3776
5393
9519
8412
358
2369
3008
425
3687
8118
812
6465
9888
5492
7036
6595
9176
2399
7641
5561
6564
5276
5361
2186
1122
6487
6746
7768
3183
9097
8105
2138
9807
5618
3276
2392
9012
7229
9805
2216
1927
9561
4789
2941
7386
886
188
3507
7009
5764
9048
1923
8597
9171
8493
9459
1149
9373
9291
7998
9677
6833
5153
8860
8020
3484
9658
8010
2412
1027
6401
9803
8177
1326
7438
7801
5667
3250
6263
563
2203
6837
9776
3234
9978
5204
8563
5875
7472
7262
9229
688
6270
4485
9073
7231
3762
8991
8223
6451
2505
4057
7462
9950
7670
7366
383
2667
1504
3102
5220
831
2750
1232
5144
8187
9671
6606
3573
5584
3075
9225
6500
9534
3078
873
7563
7964
6074
1555
6140
9837
1644
7642
2574
1779
2430
3112
9352
1182
2711
7555
5573
4368
366
6546
7919
7775
9791
3594
7217
9298
8011
3030
5345
9349
6372
9397
1624
8629
5953
3858
6435
6698
4627
1387
3125
809
274
1394
7539
2548
6212
552
6560
3382
8429
6887
1513
8231
7141
736
1110
478
9185
1349
1466
2541
7569
8294
9145
8207
515
3302
8060
4623
8521
4883
6969
2901
1506
1991
1437
1403
8072
7024
3232
2116
9694
5349
9688
5246
3249
4324
4533
5696
2069
7564
8474
7772
6242
7666
2160
6384
6407
4819
3569
6447
7313
3009
7829
1699
4922
4036
411
9825
758
5280
3994
3602
5240
6102
5886
2057
724
1365
1617
3204
8502
6114
1782
1929
3443
1778
8621
823
3045
9720
3661
1576
6192
1314
7196
6609
2995
3702
6585
6061
2010
3024
533
2145
8856
5867
300
2856
1694
9170
9238
6165
7388
4101
4147
7296
6467
2720
3743
8965
7353
4707
9338
6518
6727
8232
7385
8346
7168
374
7434
3293
5874
7046
8660
2679
7794
1946
4802
9550
1325
1647
6266
4890
9125
4165
9100
9583
152
3476
6374
2872
5706
7707
2967
6202
4854
8588
1228
3522
1197
2931
3724
700
7143
6667
7134
7415
3063
1083
5142
8522
5768
5083
7542
8389
4952
7494
4232
3378
7579
1391
