90
86
120
345
77
972
99
395
870
422
798
303
874
772
251
250
36
611
92
713
545
230
365
529
296
931
9
932
268
803
337
776
156
853
179
384
292
144
933
696
683
374
219
869
682
876
787
380
685
145
733
833
812
491
297
232
586
997
488
149
134
261
614
600
978
985
231
255
490
269
617
23
605
181
789
126
992
999
672
140
494
673
454
125
993
702
977
167
729
629
353
420
311
54
925
824
509
136
169
809
794
804
723
427
244
95
352
974
645
191
930
327
690
946
971
79
314
746
209
624
820
914
778
259
49
958
174
656
618
317
204
626
505
564
376
492
315
355
264
584
632
581
991
728
749
12
836
74
708
139
338
906
795
666
980
26
851
350
4
57
228
892
786
341
924
437
6
45
101
445
952
495
583
448
248
562
176
7
676
807
39
745
888
307
329
921
755
628
527
580
830
417
451
948
162
216
400
127
883
404
498
692
547
724
767
576
858
106
961
512
195
822
429
88
373
667
521
694
193
391
763
33
622
811
83
141
661
843
885
135
654
950
893
681
421
148
237
651
165
969
732
212
742
382
983
122
41
770
189
414
336
740
995
173
506
899
500
834
48
47
579
751
988
397
475
727
240
294
22
347
536
192
872
473
188
418
470
841
342
118
806
712
582
61
540
963
918
774
650
413
155
546
863
85
895
103
378
239
423
706
258
603
50
186
534
715
310
222
254
596
782
761
339
567
881
14
226
187
889
734
2
532
758
662
110
280
415
674
201
722
367
456
569
203
42
699
559
257
909
912
253
93
568
907
752
897
828
171
644
827
306
457
377
112
358
850
266
552
608
525
719
472
544
731
784
829
855
72
102
46
502
197
249
669
558
879
344
951
663
747
563
923
570
920
721
660
464
945
678
623
235
805
124
357
707
748
802
91
300
507
762
163
482
601
987
561
238
693
247
765
566
777
462
531
741
942
539
875
962
394
348
460
84
695
194
865
801
123
867
412
60
117
496
913
180
364
998
880
996
753
670
366
528
819
291
31
606
13
224
143
82
463
630
467
322
927
968
818
878
915
831
410
287
679
537
658
659
452
823
267
873
926
725
241
243
501
981
27
334
335
160
313
388
432
780
272
689
922
121
814
887
860
768
871
466
653
469
935
744
190
589
973
790
215
511
709
565
627
792
835
346
16
982
664
398
797
154
455
96
890
73
402
844
634
499
433
56
331
849
788
609
477
720
607
898
964
857
965
97
970
55
868
282
133
107
688
175
791
434
393
671
994
372
132
759
446
657
328
989
572
229
736
71
100
845
808
69
816
157
168
478
633
838
646
356
571
63
815
401
711
638
1000
65
51
821
207
407
760
550
270
115
166
430
221
206
370
441
363
465
275
979
406
351
813
438
530
756
593
846
943
613
866
289
604
635
648
444
211
555
263
510
369
548
11
766
246
53
116
591
928
301
105
848
826
316
3
481
104
588
773
113
937
612
825
543
439
233
810
919
108
298
67
877
76
476
210
750
164
698
687
286
70
684
652
318
637
675
349
68
864
738
290
146
779
183
387
967
308
515
955
615
647
619
847
80
553
332
431
901
293
691
793
503
158
757
276
214
260
718
551
665
896
28
288
309
975
621
949
150
428
361
730
649
680
234
602
170
703
109
639
526
5
716
281
368
385
861
147
375
62
655
66
474
273
130
556
939
138
737
396
986
416
59
620
279
453
312
185
916
764
44
832
64
940
954
775
449
75
10
944
151
859
424
726
326
340
450
196
277
701
538
172
217
697
359
15
319
966
573
225
242
799
458
24
274
324
956
142
426
856
419
87
700
513
904
882
796
182
704
389
40
425
362
408
542
533
636
218
493
886
252
910
480
321
435
153
754
205
514
177
984
497
386
854
381
411
640
220
917
58
29
304
535
390
323
199
771
468
383
43
643
577
837
554
594
89
560
379
938
81
642
295
953
119
668
479
800
677
299
20
399
941
575
785
578
333
522
489
485
990
504
202
541
817
227
908
161
519
705
265
131
486
78
585
1
610
769
783
842
35
862
21
461
52
959
283
17
354
574
934
392
442
30
34
487
98
320
884
894
592
960
902
32
597
840
903
739
976
443
325
360
484
198
947
19
440
137
590
8
223
717
905
686
625
129
245
37
403
549
518
284
459
508
517
599
523
159
94
891
631
587
236
330
936
595
25
371
285
128
200
743
781
271
302
343
483
152
213
262
929
436
111
471
641
598
710
516
305
520
38
735
256
839
557
447
409
405
18
852
714
184
278
524
900
911
114
178
208
957
616
